   7.0000000e+00
   1.3100000e+02
   1.2300000e+02
   8.7500000e+02
   1.8100000e+02
   2.2000000e+01
   1.9000000e+01
   7.0000000e+00
  -2.2252039e-01
  -5.1477416e-01
  -7.7878982e-01
  -8.2978202e-01
  -5.5868695e-01
  -2.1486510e-01
  -3.8951079e-02
   2.9090926e-02
  -1.8527363e-02
   3.2419098e-01
   8.0820154e-01
   1.0525215e+00
   1.1681044e+00
   1.1526505e+00
   8.4826602e-01
   3.2255040e-01
  -2.2063334e-01
  -4.5729637e-01
  -2.4313805e-01
   9.6307351e-02
   1.1022789e-01
  -3.6825841e-02
  -9.6661358e-02
  -3.4521336e-01
  -6.7547717e-01
  -1.0417867e+00
  -7.7348631e-01
  -6.0491863e-01
  -4.4166109e-01
  -3.0268213e-02
  -3.0517213e-01
  -3.1139486e-01
  -1.7546910e-01
  -4.5992242e-01
  -5.9780081e-01
  -7.0827753e-01
  -9.0492464e-01
  -8.6433715e-01
  -7.5128593e-01
  -6.4391220e-01
  -5.0565493e-01
  -2.4818596e-01
  -4.8946680e-01
  -6.3121533e-01
  -3.9774409e-01
  -4.2480572e-01
  -4.8074068e-01
  -3.6903625e-01
  -6.4731612e-02
   2.7159212e-01
   5.7606889e-01
   7.7238500e-01
   9.7620053e-01
   1.2544031e+00
   1.1320787e+00
   8.3427249e-01
   4.5298504e-01
  -3.0630765e-03
   4.2024736e-02
   2.9942360e-02
  -4.9578579e-02
  -3.7814550e-02
  -1.9022732e-02
   5.6261998e-02
   1.9065320e-01
   3.7423678e-01
   4.4512145e-01
   3.4182263e-01
  -1.0652014e-01
  -4.7704753e-01
  -7.6986217e-01
  -1.0185859e+00
  -1.2286560e+00
  -1.5022954e+00
  -1.7430306e+00
  -1.7083217e+00
  -1.3150592e+00
  -1.0256143e+00
  -9.6414681e-01
  -1.1647425e+00
  -1.4880303e+00
  -1.3002631e+00
  -8.3710369e-01
  -6.4416284e-01
  -5.0792698e-01
  -3.7344396e-01
  -1.3372997e-01
  -2.1188777e-01
  -7.1724376e-01
  -1.0972333e+00
  -1.3125608e+00
  -1.4722518e+00
  -1.8472770e+00
  -1.6174881e+00
  -1.6241876e+00
  -1.4194810e+00
  -1.5025618e+00
  -1.7314827e+00
  -2.1834942e+00
  -2.2793528e+00
  -2.1839848e+00
  -2.1219298e+00
  -2.2904259e+00
  -2.3912896e+00
  -2.3388469e+00
  -1.9451262e+00
  -1.7205790e+00
  -1.8087504e+00
  -1.7947645e+00
  -1.9044988e+00
  -1.9953040e+00
  -1.8702822e+00
  -1.6785286e+00
  -1.5437680e+00
  -1.4278186e+00
  -1.1259172e+00
  -7.8271744e-01
  -6.5384020e-01
  -6.8283987e-01
  -8.4189418e-01
  -9.0247477e-01
  -8.7596318e-01
  -8.1955802e-01
  -7.6464914e-01
  -4.6951323e-01
  -5.8739977e-01
  -1.0474062e-01
   1.6143417e-01
   3.3484313e-01
   2.9395117e-01
  -2.1234691e-02
  -2.0105673e+00
  -1.6209715e+00
  -1.7825138e+00
  -1.4308651e+00
  -1.6507218e+00
  -1.5614979e+00
  -1.2997080e+00
  -1.2798651e+00
  -1.2057432e+00
  -1.2285960e+00
  -1.4052846e+00
  -1.0944771e+00
  -8.7308498e-01
  -4.3761549e-01
  -3.8109929e-01
  -4.8556768e-01
  -4.6127746e-01
  -3.7962460e-01
  -6.4580175e-01
  -6.3124807e-01
  -1.0266868e+00
  -8.3288642e-01
  -6.7024340e-01
  -7.2030694e-01
  -1.2827120e+00
  -1.8578631e+00
  -1.9283559e+00
  -2.2829789e+00
  -2.4011446e+00
  -2.3263842e+00
  -2.7322992e+00
  -3.0731986e+00
  -3.1132927e+00
  -3.0102822e+00
  -2.7943481e+00
  -2.7491937e+00
  -2.7698628e+00
  -2.9773591e+00
   3.0996161e+00
   2.8554020e+00
  -3.1213585e+00
  -3.0159263e+00
  -2.9771095e+00
  -2.8873935e+00
  -2.7829727e+00
  -2.5868852e+00
  -2.7177012e+00
  -2.4110370e+00
  -2.3880152e+00
  -2.4406641e+00
  -2.9701551e+00
  -3.0623017e+00
   3.0293288e+00
  -3.1141753e+00
   2.8276858e+00
   2.5520440e+00
   2.2658043e+00
   1.9829906e+00
   1.8167510e+00
   2.0581046e+00
   2.3956098e+00
   2.6444744e+00
   2.7193532e+00
   2.5960981e+00
   2.5847269e+00
   2.3992503e+00
   2.1649683e+00
   1.7556758e+00
   1.4051576e+00
   1.2904757e+00
   1.2805308e+00
   1.6542164e+00
   2.1216437e+00
   2.3217876e+00
   2.6206995e+00
   2.3977156e+00
   2.7638677e+00
   2.8032161e+00
   2.9098809e+00
   3.0475777e+00
  -3.0191477e+00
  -2.7398234e+00
  -2.4146919e+00
  -2.0260761e+00
  -1.7543784e+00
  -1.5844197e+00
  -1.5363043e+00
  -1.5683973e+00
  -1.8083223e+00
  -1.9773513e+00
  -2.2028683e+00
  -2.6903562e+00
  -2.5814282e+00
  -2.3761741e+00
  -2.0543577e+00
  -1.7800301e+00
  -1.6473878e+00
  -1.4345233e+00
  -1.2236758e+00
  -1.1561107e+00
  -1.3871662e+00
  -1.7543395e+00
  -1.9540263e+00
  -1.5865283e+00
  -1.4145106e+00
  -9.6080836e-01
  -4.7033015e-01
  -9.3115531e-01
  -1.1305127e+00
  -1.0219072e+00
  -8.3650364e-01
  -5.7989310e-01
  -8.9472546e-01
  -9.6518799e-01
  -1.0284981e+00
  -1.0781644e+00
  -9.9257275e-01
  -1.3483503e+00
  -1.4345677e+00
  -1.6309248e+00
  -1.7095666e+00
  -1.7795945e+00
  -1.8386329e+00
   3.1351852e+00
   2.7208450e+00
   2.5140316e+00
   2.2717778e+00
   2.1849776e+00
   1.9574022e+00
   1.4969668e+00
   1.2446988e+00
   9.9028046e-01
   7.4014654e-01
   6.3233148e-01
   7.3826435e-01
   9.2033748e-01
   1.1737466e+00
   8.7468995e-01
   2.6506875e-01
   2.0476593e-02
  -2.8971071e-01
  -6.3198533e-01
  -1.0476146e+00
  -1.3849567e+00
  -1.4485399e+00
  -1.5286377e+00
  -1.7825881e+00
  -1.8032058e+00
  -1.6573038e+00
  -1.3553039e+00
  -1.3635734e+00
  -1.3729775e+00
  -1.2046151e+00
  -6.0491713e-01
  -2.6282648e-01
  -5.8904152e-03
   2.4107846e-01
   5.1012904e-01
   8.0099674e-01
   1.0337568e+00
   1.1861614e+00
   1.3315169e+00
   1.4563577e+00
   1.6068081e+00
   1.9419545e+00
   2.2108283e+00
   2.5699766e+00
   2.1297250e+00
   1.8240635e+00
   1.4645024e+00
   9.0573147e-01
   8.7000590e-01
   1.0952955e+00
   1.3688972e+00
   1.6752919e+00
   2.0245882e+00
   2.3146713e+00
   2.4704296e+00
   2.8143542e+00
   2.8602120e+00
   2.4360098e+00
   2.3812723e+00
   2.5480062e+00
   2.4135679e+00
   2.2043408e+00
   2.1726679e+00
   2.2622865e+00
   2.4967378e+00
   2.4591856e+00
   2.3204577e+00
   2.2458865e+00
   2.2072924e+00
   2.1290711e+00
   1.9680540e+00
   1.8537884e+00
   1.6347012e+00
   1.4787531e+00
   1.8352403e+00
   1.9760404e+00
   1.8879926e+00
   1.7864403e+00
   1.2755722e+00
   1.0505943e+00
   7.7914218e-01
   6.3108219e-01
   5.1025816e-01
   6.4944555e-01
   8.2236598e-01
   8.5545210e-01
   1.3387725e+00
   1.2129876e+00
   9.8986633e-01
   9.1561448e-01
   6.3187695e-01
   3.9853105e-01
   2.0066747e-01
   5.4349484e-01
   1.1070229e+00
   1.4955661e+00
   1.9904163e+00
   2.1997850e+00
   1.9997305e+00
   1.8272735e+00
   2.1941861e+00
   2.2773913e+00
   2.4268181e+00
   1.9014174e+00
   1.5214582e+00
   1.1270545e+00
   8.9042783e-01
   7.8881710e-01
   9.6622365e-01
   1.1408567e+00
   1.2449658e+00
   1.3906793e+00
   1.5591618e+00
   1.7757989e+00
   1.6919006e+00
   1.3798504e+00
   1.2637353e+00
   1.5275694e+00
   1.9052664e+00
   2.3191769e+00
   2.6237965e+00
   2.9117204e+00
   2.8913179e+00
   2.9579695e+00
   2.9390908e+00
   2.9366322e+00
   2.7541691e+00
   2.4221666e+00
   2.1604026e+00
   2.0761261e+00
   1.8700247e+00
   1.6238974e+00
   1.2627747e+00
   9.5766030e-01
   5.9756744e-01
   7.2156402e-01
   1.1024483e+00
   1.0791319e+00
   1.0969671e+00
   1.3683125e+00
   1.7095353e+00
   1.7197505e+00
   1.7285392e+00
   1.7232420e+00
   1.6277532e+00
   1.4649930e+00
   1.5166113e+00
   1.7741614e+00
   2.0759485e+00
   1.5597124e+00
   1.6685102e+00
   1.7033610e+00
   1.5681394e+00
   1.4722995e+00
   1.4752645e+00
   1.6214355e+00
   1.6176674e+00
   1.3765089e+00
   1.1281351e+00
   7.4159104e-01
   9.2782076e-01
   1.1479182e+00
   1.1600195e+00
   1.1355577e+00
   1.2707309e+00
   9.3524032e-01
   9.1706570e-01
   9.4051066e-01
   7.9895445e-01
   5.5799431e-01
   3.6581996e-01
  -2.1016403e-01
  -4.9409274e-01
  -7.6068815e-01
  -1.0964316e+00
  -6.9252898e-01
  -8.8085665e-01
  -1.2289934e+00
  -1.3286781e+00
  -1.4989790e+00
  -1.5021543e+00
  -1.4190419e+00
  -1.3071122e+00
  -8.4477169e-01
  -4.5437891e-01
  -9.0663983e-02
  -2.1463583e-01
  -4.1872213e-01
  -5.9078009e-01
  -3.9568919e-01
  -6.0863014e-01
  -7.7711278e-01
  -9.7596278e-01
  -9.7191534e-01
  -1.3133895e+00
  -1.4181757e+00
  -1.4739937e+00
  -1.6758716e+00
  -2.1421783e+00
  -2.3003938e+00
  -2.5029435e+00
  -2.5749190e+00
  -2.4086503e+00
  -2.7847501e+00
  -2.8386351e+00
  -2.6799590e+00
  -2.5845008e+00
  -2.8063769e+00
  -2.9895461e+00
   3.0607009e+00
   2.9649836e+00
   2.9592489e+00
   2.8920380e+00
   3.0056244e+00
   3.1253848e+00
   2.8831608e+00
   2.9253556e+00
   3.0937289e+00
  -3.0821129e+00
  -2.9410769e+00
  -2.8264458e+00
  -2.6263775e+00
  -2.2881654e+00
  -1.8747430e+00
  -1.5459297e+00
  -1.2628601e+00
  -9.5204941e-01
  -1.0126828e+00
  -1.1940688e+00
  -1.5070993e+00
  -1.8806757e+00
  -2.3648103e+00
  -2.3829262e+00
  -1.9846525e+00
  -2.1644815e+00
  -2.5349032e+00
  -2.9860442e+00
  -2.9674717e+00
  -2.4862799e+00
  -2.1824281e+00
  -2.4362430e+00
  -2.2356479e+00
  -2.0984415e+00
  -2.1739594e+00
  -2.1482383e+00
  -2.4393018e+00
  -2.6223017e+00
  -2.8079533e+00
  -2.4318297e+00
  -2.0469208e+00
  -1.9863892e+00
  -2.1495789e+00
  -2.2308708e+00
  -2.2029970e+00
  -2.1372878e+00
  -2.6279144e+00
  -2.8818326e+00
  -2.9301943e+00
  -2.8761190e+00
  -2.6664756e+00
  -3.0092852e+00
   3.1366959e+00
   3.1174834e+00
  -2.8408235e+00
  -2.3208886e+00
  -2.1304378e+00
  -1.9800692e+00
  -1.8898327e+00
  -1.9275141e+00
  -2.1969899e+00
  -2.6690703e+00
  -3.0771580e+00
  -2.6827169e+00
  -2.2234447e+00
  -1.8955908e+00
  -2.1729035e+00
  -2.5028405e+00
  -2.8134040e+00
  -2.8484934e+00
  -3.0033797e+00
  -3.1246122e+00
   3.0427101e+00
   2.8581091e+00
   2.9944911e+00
   3.1007327e+00
  -3.1308215e+00
  -3.0074784e+00
  -2.8516214e+00
  -2.5418536e+00
  -2.3469328e+00
  -2.1104120e+00
  -2.3847808e+00
  -2.7913927e+00
   3.1240227e+00
   2.8497867e+00
   2.8344816e+00
   2.8607220e+00
   2.6706858e+00
   2.7279826e+00
   2.7750204e+00
   2.8072657e+00
   2.7267705e+00
   2.3978418e+00
   2.6997293e+00
   2.9790914e+00
   2.8538840e+00
   3.0263950e+00
   3.1155176e+00
  -3.0548106e+00
  -3.0156782e+00
  -2.9403196e+00
  -2.9158353e+00
  -2.6072845e+00
  -2.5070104e+00
  -2.2713310e+00
  -2.3355014e+00
  -2.6990915e+00
  -2.7128684e+00
  -2.5174636e+00
  -2.1834612e+00
  -1.8323470e+00
  -1.2151068e+00
  -8.1735111e-01
  -5.1532818e-01
  -2.4193036e-01
  -4.4521912e-01
  -6.2908929e-01
  -4.2168250e-01
  -2.9446526e-01
   4.8504438e-02
  -9.2453164e-02
  -2.9226897e-01
  -6.5660857e-01
  -5.4973999e-01
  -3.3447591e-02
   1.7969840e-01
   6.0116171e-01
   1.0530850e+00
   1.3982339e+00
   1.6554769e+00
   2.2011755e+00
   2.5853195e+00
   2.7957517e+00
   2.6882687e+00
  -3.1009918e+00
  -2.9936022e+00
   3.0596617e+00
   3.1022101e+00
   2.6665271e+00
   2.7082023e+00
   2.5075356e+00
   2.1484547e+00
   2.2336226e+00
   2.7465104e+00
   3.0912770e+00
   2.9587150e+00
   3.0630294e+00
  -3.0268122e+00
  -2.7008278e+00
  -2.6307172e+00
  -2.1935871e+00
  -2.3288188e+00
  -2.0849046e+00
  -1.5763271e+00
  -1.2905612e+00
  -8.5696534e-01
  -3.3217342e-01
   3.4021372e-02
   4.0732741e-02
   2.2865306e-01
   7.4770138e-01
   9.5755135e-01
   8.6295749e-01
   1.0360107e+00
   8.5235581e-01
   5.8887784e-01
   2.9052672e-01
   8.3612138e-01
   9.2216256e-01
   7.2854074e-01
   6.8785190e-01
   9.1633189e-01
   6.5616209e-01
   1.0675154e+00
   1.4040064e+00
   1.3344132e+00
   1.2357690e+00
   1.1816200e+00
   1.0146685e+00
   8.0934527e-01
   4.5347363e-01
   8.6952725e-01
   1.0732555e+00
   1.1714809e+00
   1.4086065e+00
   1.7518630e+00
   1.5481934e+00
   1.5634504e+00
   1.8080216e+00
   1.9389703e+00
   2.1116269e+00
   2.0575602e+00
   2.0356653e+00
   2.0261778e+00
   1.8462715e+00
   1.6768264e+00
   1.3885872e+00
   1.2084256e+00
   1.2583798e+00
   1.4846291e+00
   1.5054418e+00
   1.1582906e+00
   9.3898541e-01
   6.3711204e-01
   6.6591165e-01
   8.0737316e-01
   8.1023245e-01
   1.3300554e+00
   1.5728968e+00
   1.6533662e+00
   1.6807802e+00
   1.7773005e+00
   1.5286923e+00
   1.4722349e+00
   1.5049920e+00
   1.1722582e+00
   1.0065094e+00
   6.6723463e-01
   6.0902693e-01
   4.1634567e-01
   9.0461306e-01
   1.0210453e+00
   1.0838393e+00
   9.8285361e-01
   7.0814433e-01
   4.9015124e-01
   3.0888702e-01
   1.9399308e-01
   2.2403478e-01
   3.3123517e-01
   4.1202693e-01
   6.1745856e-01
   1.1897813e+00
   1.0859531e+00
   9.6963020e-01
   1.1697955e+00
   9.9763926e-01
   9.7102306e-01
   1.1933291e+00
   1.4843775e+00
   1.5197015e+00
   1.6408839e+00
   1.2136994e+00
   8.3512109e-01
   5.0153900e-01
   1.1552293e-01
   1.4250186e-01
  -3.5408110e-02
  -2.6228242e-01
  -1.6197693e-01
   4.7667909e-02
  -3.0913872e-01
  -5.1055660e-01
  -6.6523953e-01
  -4.2857022e-01
  -2.2983039e-01
   3.3432869e-02
   1.1642962e-01
  -3.9068149e-02
  -1.9234988e-01
  -2.2354516e-01
  -1.5745250e-01
   2.9155176e-02
   3.4232266e-01
   7.7138069e-01
   1.0454793e+00
   1.2406196e+00
   7.9251387e-01
   6.5866500e-01
   7.3263731e-01
   6.5683489e-01
   4.8749139e-01
   3.6155669e-01
   2.2239436e-01
  -1.9777028e-01
  -3.9341526e-01
  -5.0233318e-01
  -1.5041229e-01
  -2.5375856e-01
  -5.6836685e-01
  -5.8052507e-01
  -5.4910017e-01
  -5.6518393e-01
  -4.2712561e-01
  -1.6605098e-01
  -1.0873760e-01
  -4.8771476e-01
  -6.3343531e-01
  -6.8719462e-01
  -8.0706045e-01
  -1.0149794e+00
  -1.3782193e+00
  -1.1256732e+00
  -6.7883396e-01
  -4.1170207e-01
  -9.8723173e-02
   3.6926723e-02
   4.2739233e-01
   2.3924717e-01
   3.3176233e-01
   3.5846909e-02
  -1.4475933e-01
   1.9687243e-01
   4.9573877e-01
   6.4190460e-01
   6.3176888e-01
   4.4782957e-01
   5.3228876e-01
   1.0169704e+00
   1.2672228e+00
   1.4894241e+00
   1.4570878e+00
   9.5681942e-01
   9.1224330e-01
   8.9361221e-01
   8.1731159e-01
   6.2278186e-01
   4.3549644e-01
   1.8461461e-01
   3.5113016e-01
   4.5439184e-01
   3.2619006e-01
   4.3958121e-02
  -1.8429562e-01
  -6.9362351e-01
  -7.8382762e-01
  -8.3764737e-01
  -1.0502044e+00
  -1.1785936e+00
  -1.2376734e+00
  -8.6488052e-01
  -4.6496900e-01
  -9.3508161e-02
   1.6995853e-01
  -3.3016432e-01
  -1.7996499e-01
  -2.3000168e-01
  -1.4402621e-01
  -2.7322269e-01
  -8.5180703e-01
  -6.5712392e-01
  -7.0662336e-01
  -3.5346562e-01
  -5.9510392e-01
  -6.7285582e-01
  -8.7769106e-01
  -1.3415047e+00
  -1.6260091e+00
  -1.6782543e+00
  -1.8030575e+00
  -1.9866478e+00
  -2.4632710e+00
  -2.5041249e+00
  -2.3203287e+00
  -2.0918940e+00
  -1.9591713e+00
  -2.0837272e+00
  -2.2156499e+00
  -2.3177776e+00
  -2.1572544e+00
  -2.1771338e+00
  -2.2482982e+00
  -2.3274129e+00
  -2.2085443e+00
  -2.2891379e+00
  -2.4087323e+00
  -2.6022443e+00
  -2.2953163e+00
  -1.9501759e+00
  -1.7857376e+00
  -1.7230509e+00
  -1.8220426e+00
  -1.6546252e+00
  -1.4260203e+00
  -1.1032482e+00
  -1.0285724e+00
  -8.0376146e-01
  -7.0378700e-01
  -7.2558538e-01
  -8.0361513e-01
  -7.4141423e-01
  -5.6761744e-01
  -6.3079385e-01
  -6.9934705e-01
  -6.9387465e-01
  -7.9006538e-01
  -1.1174766e+00
  -1.4742051e+00
  -1.8990546e+00
  -1.8182581e+00
  -1.8302353e+00
  -1.8500767e+00
  -1.8826924e+00
  -1.7642163e+00
  -1.5243642e+00
  -1.4741140e+00
  -1.6413163e+00
  -2.1293476e+00
  -2.2361118e+00
  -1.9481272e+00
  -1.4076035e+00
  -1.8521802e+00
  -1.9851328e+00
  -2.0335603e+00
  -2.5442245e+00
  -2.7985294e+00
  -2.4267560e+00
  -2.6562097e+00
   3.0891444e+00
   2.9151577e+00
   2.5678240e+00
   2.5604397e+00
   2.5592913e+00
   2.6955009e+00
   3.0446718e+00
  -2.8170746e+00
  -2.4658449e+00
  -2.1416701e+00
  -1.7763302e+00
  -1.3943662e+00
  -1.4506308e+00
  -1.8013371e+00
  -2.1508492e+00
  -2.4134484e+00
  -2.5826905e+00
  -2.8204447e+00
   3.0723367e+00
   2.6981562e+00
   2.5685070e+00
   2.8448507e+00
   3.0676147e+00
  -3.0253739e+00
  -2.9759651e+00
  -2.8368536e+00
  -2.5114185e+00
  -2.8696032e+00
   3.1143201e+00
   3.0516742e+00
   3.0036632e+00
   2.7952282e+00
   2.4502758e+00
   2.3254751e+00
   2.0234381e+00
   1.6084635e+00
   1.2961538e+00
   1.3642605e+00
   1.5550554e+00
   1.7213636e+00
   1.8504968e+00
   2.0777847e+00
   2.0364775e+00
   1.8547234e+00
   1.9305379e+00
   1.9284528e+00
   1.9816187e+00
   1.9121591e+00
   1.9130657e+00
   2.0389919e+00
   2.0407534e+00
   1.9629801e+00
   1.9344513e+00
   2.0071930e+00
   2.5119217e+00
   2.5176716e+00
   2.3190655e+00
   2.1828350e+00
   1.9329424e+00
   1.8472810e+00
   1.5274254e+00
   1.5783270e+00
   1.5005973e+00
   1.5120821e+00
   1.8676433e+00
   1.9311557e+00
   2.1478297e+00
   2.2084767e+00
   2.1738528e+00
   2.2025967e+00
   2.4413206e+00
   2.4819053e+00
   2.6624136e+00
   2.6730464e+00
   2.6560562e+00
   2.7777550e+00
   2.8128950e+00
   2.6795907e+00
   2.3835077e+00
   2.0870681e+00
   1.8044391e+00
   1.4449134e+00
   1.4326203e+00
   1.5787914e+00
   1.4988482e+00
   1.1096473e+00
   8.1603623e-01
   5.9292659e-01
   1.9934969e-01
  -1.9328095e-01
  -5.1665044e-01
  -8.2976914e-01
  -1.1932196e+00
  -1.6372645e+00
  -2.1439088e+00
  -2.2271421e+00
  -2.1039893e+00
  -2.3000383e+00
  -2.6240748e+00
  -2.4913807e+00
  -2.1867156e+00
  -2.1453311e+00
  -1.6667301e+00
  -1.4709554e+00
  -1.6464387e+00
  -1.8481002e+00
  -2.1487206e+00
  -2.4254540e+00
  -2.9630973e+00
   3.0256067e+00
   3.0241391e+00
   2.9624201e+00
   2.4514306e+00
   2.1025254e+00
   2.1957599e+00
   2.5859949e+00
   2.6488283e+00
   2.5888491e+00
   2.3784553e+00
   2.3888647e+00
   2.4700342e+00
   2.6138623e+00
   3.0366292e+00
   3.0032162e+00
   3.0631138e+00
   3.0751179e+00
  -2.7684841e+00
  -2.5219099e+00
  -2.3791786e+00
  -2.4146549e+00
  -1.8868040e+00
  -1.7465529e+00
  -1.5940703e+00
  -1.1509695e+00
  -1.0538079e+00
  -1.1330643e+00
  -1.0710037e+00
  -8.8532280e-01
  -1.2040530e+00
  -1.1778518e+00
  -8.9805153e-01
  -8.0215931e-01
  -8.4693172e-01
  -9.3485912e-01
  -1.0722431e+00
  -1.3099091e+00
  -9.1646836e-01
  -7.6808862e-01
  -8.0710154e-01
  -8.8729277e-01
  -1.0614067e+00
  -1.5050677e+00
  -1.4234830e+00
  -1.5287755e+00
  -1.3177906e+00
  -1.1607799e+00
  -1.1247402e+00
  -1.0405919e+00
  -9.5654453e-01
  -7.6890939e-01
  -5.2272721e-01
  -6.9553787e-02
   2.3667534e-01
   5.3370511e-01
   5.9954221e-01
   7.2857172e-01
   1.0512987e+00
   1.5346272e+00
   1.7127215e+00
   1.7214696e+00
   1.6234736e+00
   1.5449372e+00
   1.1180803e+00
   7.7212688e-01
   5.0736138e-01
   5.8376555e-01
   8.8470661e-01
   7.5359017e-01
   1.0032246e+00
   1.3354226e+00
   1.5395088e+00
   1.8036456e+00
   1.9805184e+00
   2.2279273e+00
   2.3079829e+00
   2.4584524e+00
   2.5072524e+00
   2.4362430e+00
   2.5467340e+00
   2.5806753e+00
   2.6067113e+00
   2.4353776e+00
   1.9609414e+00
   2.1604365e+00
   2.2286641e+00
   2.1118960e+00
   1.8348576e+00
   1.6703812e+00
   2.0421846e+00
   2.2567121e+00
   1.9885302e+00
   1.7802150e+00
   1.3919155e+00
   1.0873293e+00
   1.3957074e+00
   1.7120585e+00
   2.2409609e+00
   2.0968938e+00
   2.4669359e+00
   2.8027947e+00
   3.0289588e+00
  -2.9455925e+00
  -3.0871896e+00
  -3.0616684e+00
  -2.9593923e+00
  -3.0688393e+00
  -3.1043315e+00
   3.1298258e+00
   3.0209155e+00
   2.9924823e+00
  -3.0927565e+00
  -2.9608109e+00
  -2.7887875e+00
  -2.4515918e+00
  -2.1012080e+00
  -2.0334930e+00
  -1.8357162e+00
  -1.6495325e+00
  -1.8486633e+00
  -1.6470677e+00
  -1.5889057e+00
  -1.7225532e+00
  -1.9577307e+00
  -1.8089165e+00
  -1.9448438e+00
  -2.3593360e+00
  -2.6645808e+00
  -2.6600116e+00
  -3.0203021e+00
   2.9975637e+00
   2.8506717e+00
   2.8276025e+00
   3.0289174e+00
   2.9020769e+00
   2.9111703e+00
   3.0230450e+00
   3.0977519e+00
  -3.0871579e+00
  -2.9401880e+00
  -3.0041819e+00
  -3.0871073e+00
   3.1102531e+00
   3.0735214e+00
   2.8127929e+00
  -2.9637688e+00
  -2.9799128e+00
  -3.0720676e+00
   2.6386029e+00
   2.7258189e+00
   2.5397567e+00
   2.4460129e+00
   2.0428150e+00
   2.1744094e+00
   2.4658567e+00
   2.7211797e+00
   2.9448035e+00
  -3.1406000e+00
  -2.9535382e+00
  -3.0446914e+00
   3.1396640e+00
   2.8384183e+00
   2.3578091e+00
   1.9506834e+00
   1.7331998e+00
   1.4312446e+00
   1.1986971e+00
   1.1163643e+00
   1.5057755e+00
   1.4654699e+00
   1.6424955e+00
   1.5821408e+00
   1.8132459e+00
   2.3288043e+00
   2.6828593e+00
   2.5860494e+00
   2.8127093e+00
   2.9135681e+00
   2.7924129e+00
   3.0362851e+00
   3.1285385e+00
  -3.0902966e+00
  -3.0405170e+00
  -2.7591501e+00
  -2.8046189e+00
  -2.6381267e+00
  -2.0889920e+00
  -2.1415985e+00
  -2.4627358e+00
  -2.6249296e+00
  -2.3677816e+00
  -2.3775165e+00
  -2.0318048e+00
  -1.5646313e+00
  -1.1551597e+00
  -9.4180606e-01
  -8.5627966e-01
  -6.5436007e-01
  -6.6556758e-01
  -1.0415456e+00
  -1.4420534e+00
  -1.4684356e+00
  -1.5519033e+00
  -1.9909700e+00
  -2.5393826e+00
  -2.9242430e+00
   3.1047944e+00
   2.9193253e+00
   2.7265774e+00
   2.6037745e+00
   2.5431095e+00
   2.3721738e+00
   2.1192405e+00
   1.7283385e+00
   1.5512743e+00
   1.4359492e+00
   1.6162831e+00
   1.5748808e+00
   1.9534514e+00
   1.8222423e+00
   1.4221420e+00
   1.2783235e+00
   1.3637194e+00
   1.7068607e+00
   2.0613224e+00
   2.5588559e+00
   2.4677659e+00
   2.3818926e+00
   2.1733284e+00
   2.2051676e+00
   2.1682097e+00
   2.0304529e+00
   2.0273698e+00
   2.0815751e+00
   2.1273839e+00
   2.4544444e+00
   2.4675310e+00
   2.0909816e+00
   1.8125262e+00
   1.4680688e+00
   1.1552855e+00
   1.0083634e+00
   7.2302850e-01
   6.1874631e-01
   5.5217173e-01
   5.6984284e-01
   7.2764620e-01
   1.0200650e+00
   1.4393983e+00
   2.0342649e+00
   2.2404223e+00
   2.5594466e+00
   2.5655398e+00
   2.7806291e+00
   3.0000571e+00
  -2.9976911e+00
  -2.9520393e+00
  -3.1309188e+00
  -2.7460895e+00
  -2.7380872e+00
  -2.5195359e+00
  -1.9730551e+00
  -1.8189065e+00
  -1.8228360e+00
  -1.6762497e+00
  -1.7244222e+00
  -2.0006133e+00
  -1.7609053e+00
  -1.7941992e+00
  -1.7527346e+00
  -1.6252852e+00
  -1.3071383e+00
  -1.0385084e+00
  -9.8792854e-01
  -7.4639692e-01
  -2.7944460e-01
  -2.6187618e-01
  -8.2375054e-01
  -1.2180850e+00
  -1.6199215e+00
  -1.8504265e+00
  -2.0278925e+00
  -1.8899261e+00
  -1.8683828e+00
  -2.0428565e+00
  -2.2249699e+00
  -2.3918119e+00
  -2.4608774e+00
  -2.6584020e+00
  -3.0561111e+00
   3.0743553e+00
   2.9979435e+00
   2.9949008e+00
   2.8888383e+00
   2.8014964e+00
   2.3860374e+00
   2.0519755e+00
   1.6806206e+00
   1.6161798e+00
   1.6873625e+00
   1.6734883e+00
   1.9640760e+00
   2.2568018e+00
   2.6432154e+00
   2.7362263e+00
   2.5254116e+00
   2.1766909e+00
   1.8203532e+00
   1.5064850e+00
   9.5572998e-01
   6.0903746e-01
   1.2634046e-01
   2.8691161e-01
   4.7363042e-01
   2.1538259e-01
  -1.6968111e-01
  -3.2619476e-01
  -2.6050828e-01
   5.3063006e-02
   3.1545020e-01
   5.7459602e-01
   9.6361625e-01
   9.9565239e-01
   9.2520997e-01
   8.6244748e-01
   1.0211697e+00
   1.5426458e+00
   2.1092673e+00
   2.4610011e+00
   3.3549701e-01
   5.4938094e-01
   4.8312891e-01
   3.3656186e-01
   1.7437811e-01
   9.2366682e-02
   5.8814518e-02
   2.2527382e-01
   8.6844742e-03
   3.0070834e-02
  -4.8899017e-01
  -5.8063946e-01
  -3.8759744e-01
  -4.1149913e-01
  -8.8469825e-01
  -1.0312850e+00
  -1.1895822e+00
  -8.6232578e-01
  -5.7680656e-01
  -2.0035456e-01
   2.6182719e-02
   2.2401392e-01
   2.0263883e+00
   2.5049216e+00
   2.8501933e+00
   2.8342034e+00
   2.4770562e+00
   2.5382698e+00
   2.7053418e+00
   2.8050807e+00
   2.7519133e+00
   2.7542242e+00
   2.5810747e+00
   2.5190434e+00
   2.1423274e+00
   1.9328035e+00
   1.9382440e+00
   1.8255157e+00
   1.6049199e+00
   1.5962363e+00
   1.7933434e+00
  -2.5695345e+00
  -2.1310861e+00
  -2.2007780e+00
  -2.4544571e+00
  -2.8753649e+00
  -2.9347566e+00
  -2.7442472e+00
  -1.2085352e+00
  -8.4737764e-01
  -9.4814737e-01
  -1.1648745e+00
  -9.8395216e-01
  -9.1501299e-01
  -1.0201819e+00
  -1.3083758e+00
  -1.6572308e+00
  -1.6899829e+00
  -1.4654736e+00
  -1.2942279e+00
  -9.1769786e-01
  -3.2689132e-01
  -2.3292416e-01
  -2.5626580e-01
  -1.2855964e-01
   7.3203897e-02
   1.0037384e-01
  -1.2757783e-01
  -4.5084375e-01
  -7.9578672e-01
  -8.9034866e-01
  -9.4055608e-01
  -1.0269812e+00
  -7.9287339e-01
  -5.2431320e-01
  -5.0521731e-01
  -5.7375152e-01
  -3.4228182e-01
   1.0367689e-01
  -1.0537219e-01
  -3.5197479e-01
  -7.0508240e-01
  -7.2577275e-01
  -6.2241193e-01
  -6.8479702e-01
  -7.1141441e-01
  -3.2677100e-01
  -5.1760942e-02
   2.3884619e-01
   5.8594198e-01
   7.7589786e-01
   5.2026088e-01
   5.6689027e-01
   5.9513289e-01
   4.9734478e-01
   6.6606502e-01
   6.6459482e-01
   3.7803932e-01
  -6.0530902e-02
  -3.1890076e-01
  -5.4297170e-01
  -5.2211004e-01
  -5.9299684e-01
  -6.9943495e-01
  -6.2232463e-01
  -5.6867587e-01
  -7.7943906e-01
  -1.1114154e+00
  -1.6031770e+00
  -1.5020925e+00
  -1.4115873e+00
  -1.3097436e+00
  -1.0562721e+00
  -8.8374302e-01
  -9.2221427e-01
  -1.1171554e+00
  -1.2581722e+00
  -1.2455048e+00
  -1.3433384e+00
  -1.6202571e+00
  -1.8470156e+00
  -2.1476330e+00
  -2.3824343e+00
  -2.2835185e+00
  -2.3867208e+00
  -2.2984760e+00
  -2.6658713e+00
  -2.5954775e+00
  -2.5232767e+00
  -2.0420413e+00
  -2.1921953e+00
  -2.3031072e+00
  -2.4306083e+00
  -2.5283051e+00
  -2.7795461e+00
  -3.0109226e+00
   2.9957810e+00
   2.8189437e+00
   2.2983201e+00
   2.0567295e+00
   1.7338499e+00
   1.8011679e+00
   1.9152802e+00
   1.9002894e+00
   1.4444445e+00
   1.2499015e+00
   1.2802840e+00
   1.4754594e+00
   1.6230611e+00
   1.6926370e+00
   1.8246136e+00
   1.6035235e+00
   1.2934726e+00
   1.3549550e+00
   1.0146891e+00
   9.3089129e-01
   6.5901290e-01
   1.0460195e-01
  -3.0818054e-01
  -5.5342106e-01
  -7.2256556e-01
  -9.7866511e-01
  -1.2280738e+00
  -8.2647091e-01
  -5.9990284e-01
  -6.9353988e-01
  -5.5533270e-01
  -3.9552891e-01
  -8.4285393e-01
  -1.0010429e+00
  -9.2482293e-01
  -5.9413678e-01
  -4.6626642e-01
  -2.7918691e-01
  -1.2980080e-01
  -2.8430053e-01
  -5.2612886e-01
  -9.1924459e-01
  -1.0022817e+00
  -3.8626857e-01
  -8.2949953e-01
  -8.6508554e-01
  -5.8039751e-01
  -4.2234875e-01
  -4.1701721e-01
  -7.8587386e-01
  -7.0085332e-01
  -4.6043328e-01
  -4.5003726e-01
  -5.2023643e-01
  -7.1392586e-01
  -1.0195021e+00
  -1.0007543e+00
  -1.1278749e+00
  -1.1811972e+00
  -8.2970417e-01
  -1.0942359e+00
  -1.0677153e+00
  -1.5521701e+00
  -1.8878478e+00
  -2.3061827e+00
  -2.4647295e+00
  -2.9061800e+00
   3.1171521e+00
   3.0205463e+00
   3.0853136e+00
   3.0608398e+00
  -3.0503428e+00
  -2.9950545e+00
  -2.6500796e+00
  -2.7324247e+00
  -2.1968001e+00
  -2.1426224e+00
  -2.3619686e+00
  -2.3211287e+00
  -2.1815778e+00
  -1.9841686e+00
  -1.5963889e+00
  -1.4486510e+00
  -1.2385612e+00
  -1.4308946e+00
  -1.8898596e+00
  -2.4360255e+00
  -2.7151297e+00
   3.0975919e+00
   3.0447132e+00
   2.9503332e+00
   2.8647329e+00
   3.0199811e+00
   2.8153565e+00
   2.7752349e+00
   2.9734136e+00
  -2.9948939e+00
  -3.0023172e+00
   3.1049761e+00
   2.7113370e+00
   2.6634122e+00
   2.7724156e+00
   3.1091475e+00
  -3.0177166e+00
  -2.7455682e+00
  -2.5361296e+00
  -2.2741591e+00
  -2.2876498e+00
  -2.7792331e+00
  -2.9755300e+00
  -3.0729841e+00
   2.9607013e+00
   2.6378259e+00
   2.2896045e+00
   2.2647221e+00
   2.1037311e+00
   1.7666283e+00
   1.7831411e+00
   1.8404755e+00
   1.4525392e+00
   1.1249739e+00
   6.5182826e-01
   3.9180824e-01
  -2.8476333e-02
  -1.0581553e-01
  -9.9902313e-02
  -2.0134987e-01
  -1.4346927e-01
   2.2228187e-01
   4.5462484e-01
   7.8117655e-01
   1.1179003e+00
   9.9352736e-01
   6.0348121e-01
   6.6847255e-01
   7.1218467e-01
   6.4587582e-01
   4.8437541e-01
   3.8399695e-01
   3.4978843e-01
   5.6464383e-01
   5.9670140e-01
   2.7605127e-01
  -1.7723671e-01
  -4.1474782e-01
  -1.2797728e-01
   3.7330468e-02
   3.2538790e-01
   5.2180577e-01
   3.7468106e-01
   7.6950089e-02
  -2.5405689e-02
   1.8740180e-01
   3.7517069e-01
   6.1285655e-01
   9.2331019e-01
   9.0093118e-01
   4.3168138e-01
   4.5608773e-01
   7.2014540e-01
   6.1757770e-01
   8.2588456e-01
   9.1117472e-01
   7.8302532e-01
   3.1735927e-01
   1.4691203e-01
  -1.0483328e+00
  -1.1796163e+00
  -1.4416637e+00
  -1.9260090e+00
  -2.4147504e+00
  -2.5036570e+00
  -2.3483097e+00
  -2.2221307e+00
  -2.1600104e+00
  -2.1997912e+00
  -2.5754029e+00
  -2.8978975e+00
  -3.1322643e+00
  -2.8807203e+00
   3.1362286e+00
   3.0300460e+00
   3.0257856e+00
   2.9577725e+00
   2.8816664e+00
   2.7552190e+00
   2.4057982e+00
   2.0318216e+00
   1.8800516e+00
   2.1066530e+00
   1.9833892e+00
   1.9688538e+00
   1.9117081e+00
   2.3731897e+00
   2.6395491e+00
   3.1260815e+00
  -3.1160286e+00
  -2.9789467e+00
  -2.9280103e+00
  -2.9049506e+00
  -2.8011398e+00
  -2.7142208e+00
  -2.5427110e+00
  -2.3628533e+00
  -2.1930779e+00
  -2.0117597e+00
  -1.8274500e+00
  -2.0392608e+00
  -2.2999977e+00
  -2.5947215e+00
  -2.8970248e+00
  -3.0149940e+00
  -3.0598852e+00
   3.0166008e+00
   2.7563611e+00
   2.3798604e+00
   2.0007047e+00
   1.9253611e+00
   2.0007260e+00
   1.8808015e+00
   1.6305670e+00
   1.4432218e+00
   1.2335854e+00
   1.1262609e+00
   1.1920618e+00
   7.2583181e-01
   2.4525181e-01
   2.2746700e-01
   3.2357873e-01
   4.9082769e-01
   4.5383525e-01
   1.9410157e-01
  -1.5102004e-01
  -4.2967808e-01
  -7.6251223e-01
  -1.0185936e+00
  -1.0587647e+00
  -1.0185231e+00
  -9.6561242e-01
  -5.2026564e-01
  -2.3806679e-01
  -2.8711213e-03
   3.8735906e-01
   4.6097870e-01
   1.0313622e-01
   3.8736438e-01
   7.5535530e-01
   8.7501266e-01
   9.1575566e-01
   9.6853479e-01
   1.1581968e+00
   1.4859371e+00
   1.4928797e+00
   1.3779326e+00
   1.2599469e+00
   1.2430428e+00
   1.5325868e+00
   1.6659564e+00
   2.0504209e+00
   2.3446748e+00
   2.2684599e+00
   2.4602202e+00
   2.7404670e+00
   2.7675216e+00
   2.8434394e+00
   3.0428202e+00
  -3.0303098e+00
  -2.8328413e+00
  -2.7914256e+00
  -2.6795510e+00
  -2.8698621e+00
  -3.0613207e+00
   2.9956577e+00
   2.6862914e+00
   2.3725068e+00
   2.0636310e+00
   1.8071799e+00
   1.4931686e+00
   1.1993869e+00
   7.9654592e-01
   8.2265538e-01
   7.0778826e-01
   9.3127858e-01
   1.4307346e+00
   1.6227632e+00
   1.6910924e+00
   1.7734250e+00
   1.9195439e+00
   2.3608423e+00
   2.5681790e+00
   2.0319785e+00
   1.7393018e+00
   1.4022483e+00
   1.0432007e+00
   1.1090014e+00
   1.2185556e+00
   1.1106512e+00
   1.2326820e+00
   9.8766087e-01
   7.6668853e-01
   3.8267496e-01
   3.7876322e-02
  -2.1512709e-01
  -4.1092006e-01
  -4.8199470e-01
  -6.3016773e-01
  -6.3013676e-01
  -3.8654472e-01
   1.2081005e-01
   3.2241192e-01
   2.4706472e-01
   1.7959488e-01
   7.6243249e-01
   1.0313946e+00
   1.2349893e+00
   1.3441058e+00
   1.2258386e+00
   1.0961594e+00
   1.1627904e+00
   1.3602325e+00
   1.6325941e+00
   1.5982745e+00
   1.4011998e+00
   9.5443350e-01
   7.6800430e-01
   6.0265446e-01
   5.9818286e-01
   3.7769608e-01
   2.6628311e-01
   5.9639769e-01
   1.0300606e+00
   1.4142453e+00
   1.4554548e+00
   1.5129574e+00
   1.5563644e+00
   1.4164621e+00
   1.2351635e+00
   1.3747065e+00
   1.5410042e+00
   1.7366709e+00
   2.1286193e+00
   2.0999612e+00
   1.5237511e+00
   1.2624610e+00
   9.9721917e-01
   9.6569216e-01
   1.1129901e+00
   1.5857837e+00
   1.6873014e+00
   1.8522654e+00
   1.9168559e+00
   1.7348306e+00
   1.4466524e+00
   1.5237089e+00
   1.5045087e+00
   1.4085150e+00
   1.8288281e+00
   1.9604648e+00
   1.9876284e+00
   1.5762596e+00
   1.1829437e+00
   8.5537280e-01
   7.5911956e-01
   8.8229041e-01
   9.0243839e-01
   1.2033424e+00
   1.4433982e+00
   1.9535610e+00
   2.0578024e+00
   1.8505362e+00
   1.5528849e+00
   1.1707449e+00
   1.2096516e+00
   1.4740147e+00
   1.6633681e+00
   1.9064666e+00
   1.4908939e+00
   1.1397470e+00
   8.2527226e-01
   4.5763510e-01
   1.2407241e-01
   3.4928818e-02
   1.1690723e-01
   2.5420668e-01
  -1.9129853e-01
  -2.2101829e-01
  -5.3898149e-01
  -8.3159579e-01
  -1.2354130e+00
  -1.4784489e+00
  -1.4870462e+00
  -1.5803250e+00
  -1.6096952e+00
  -1.7880581e+00
  -1.8220834e+00
  -2.0844133e+00
  -2.3292763e+00
  -2.3572168e+00
  -2.7575945e+00
  -2.9868121e+00
   3.0987021e+00
   2.8583091e+00
   2.4985730e+00
   2.8938529e+00
   3.1109577e+00
  -2.8267813e+00
  -2.5723665e+00
  -2.0624004e+00
  -2.3903708e+00
  -2.4445256e+00
  -2.6264773e+00
  -2.2979908e+00
  -2.0313894e+00
  -1.7067779e+00
  -1.2996835e+00
  -1.3763231e+00
  -1.6461766e+00
  -2.1080844e+00
  -2.4229617e+00
  -2.5857990e+00
  -2.3622845e+00
  -2.2422886e+00
  -2.0007900e+00
  -1.5981516e+00
  -1.1900412e+00
  -6.8875052e-01
  -4.7192757e-01
  -5.8638769e-02
   4.0768692e-01
   5.6653347e-01
   2.4833119e-01
   1.5824636e-01
   1.3233179e-01
  -9.8599790e-03
   1.0985447e-01
   2.3039829e-01
   1.9366591e-01
   2.2895758e-01
   5.6625753e-01
   3.4061632e-01
   2.4992762e-01
   1.1823387e-02
   1.0350117e-01
   2.6552992e-01
   6.5458759e-01
   6.9647733e-01
   8.9779411e-01
   1.4102806e+00
   1.7829076e+00
   1.6939761e+00
   1.4445837e+00
   8.8876322e-01
   5.9618853e-01
   1.8473847e-01
  -2.1574688e-01
  -4.9433733e-01
  -8.1330908e-01
  -1.1914465e+00
  -1.2602733e+00
  -1.1384681e+00
  -7.3695267e-01
  -1.5711326e-01
   2.3608493e-01
   7.4878554e-01
   1.1211276e+00
   1.5608990e+00
   1.9858885e+00
   2.1338826e+00
   2.3126564e+00
   2.3452535e+00
   1.9868251e+00
   1.6322128e+00
   1.2954721e+00
   1.2362578e+00
   9.1076537e-01
   5.4203924e-01
   1.7325947e-01
  -1.8037505e-01
  -5.3794929e-01
  -8.6475976e-01
  -1.0618878e+00
  -1.3716129e+00
  -1.4760454e+00
  -1.7425145e+00
  -1.4714671e+00
  -1.8341535e+00
  -2.0254018e+00
  -2.1241605e+00
  -2.1297946e+00
  -2.2346053e+00
  -2.4263632e+00
  -2.9470603e+00
  -2.8871494e+00
  -2.7297508e+00
  -2.6002937e+00
  -2.5682743e+00
  -2.5466717e+00
  -2.6456000e+00
  -3.1295982e+00
  -3.0704540e+00
  -3.1391212e+00
   3.0945436e+00
  -3.1166030e+00
  -3.0668990e+00
  -2.7025396e+00
  -2.6283354e+00
  -2.7683968e+00
  -2.6252434e+00
  -2.2978459e+00
  -2.5154119e+00
  -2.8470358e+00
  -3.1161718e+00
  -2.6870306e+00
  -2.9207648e+00
   3.1019816e+00
   2.6995892e+00
   2.5793800e+00
   2.8510119e+00
   3.0578183e+00
  -2.9243108e+00
  -2.7999362e+00
  -2.7665608e+00
  -2.2054309e+00
  -2.2560158e+00
  -2.6144005e+00
  -2.8816017e+00
  -3.1349157e+00
   3.0633641e+00
   2.9130990e+00
   3.0437812e+00
   2.8896700e+00
   2.7761738e+00
   2.9510887e+00
   2.9058167e+00
   2.8206430e+00
  -2.9895547e+00
  -2.9502904e+00
  -2.7390050e+00
  -2.4472796e+00
  -2.4799216e+00
  -2.6153674e+00
  -2.6509823e+00
  -2.6637929e+00
  -2.8197900e+00
  -2.6377693e+00
  -2.1681199e+00
  -1.7830303e+00
  -1.3795230e+00
  -1.0528026e+00
  -8.0815071e-01
  -6.5782393e-01
  -4.4834591e-01
  -3.4216911e-01
  -2.6363343e-01
   7.8807122e-02
   2.8912941e-01
   3.8425747e-01
   3.2824504e-01
   2.4528926e-01
   1.7768823e-02
  -2.3982406e-01
  -6.3220707e-01
  -6.8924407e-01
  -5.6771212e-01
  -4.8603133e-01
  -1.5481118e-01
  -1.8516920e-01
   1.8008405e-01
   3.5683803e-01
   4.6698898e-01
   1.2360685e-01
   3.4717428e-01
   5.6035377e-01
   8.0655893e-01
   1.3379960e+00
   1.5632872e+00
   1.4727661e+00
   1.7612669e+00
   1.2863233e+00
   1.3485899e+00
   1.7159854e+00
   1.6291191e+00
   1.6244190e+00
   1.7809265e+00
   2.0224646e+00
   2.1996014e+00
   2.3753347e+00
   2.5664544e+00
   2.4777719e+00
   2.2561776e+00
   1.8924610e+00
   1.6952319e+00
   1.7103102e+00
   1.6862460e+00
   2.2110946e+00
   2.5115841e+00
   2.7801908e+00
   2.8852888e+00
   2.8833129e+00
   2.3621876e+00
   2.0469956e+00
   1.7454853e+00
   1.7091027e+00
   2.0780733e+00
   2.2900386e+00
   2.4822716e+00
   2.8664371e+00
   3.1210461e+00
  -2.9432099e+00
  -2.7201111e+00
  -2.8682642e+00
  -2.6212404e+00
  -2.5294670e+00
  -2.2017837e+00
  -2.1067899e+00
  -2.3554976e+00
  -2.6286288e+00
  -2.8938019e+00
   3.0679040e+00
   3.0961990e+00
   2.6609414e+00
   2.2350759e+00
   2.1377846e+00
   2.1525472e+00
   2.1721180e+00
   2.4797256e+00
   2.7908129e+00
   3.0259402e+00
   3.0811269e+00
   2.9135840e+00
   2.4729931e+00
   2.4687083e+00
   2.7175757e+00
   2.7289038e+00
   2.6540728e+00
   2.8160758e+00
   2.9828974e+00
  -3.0567595e+00
  -3.0157800e+00
  -3.1097872e+00
  -3.1239312e+00
  -3.0021114e+00
  -2.6670942e+00
  -2.4691769e+00
  -2.2437065e+00
  -1.7790496e+00
  -1.4851933e+00
  -1.2052600e+00
  -6.6476484e-01
  -1.3259014e-01
   2.7905837e-01
  -6.8755376e-02
  -3.1700563e-01
  -5.2641603e-01
  -9.1307783e-01
  -1.0430603e+00
  -9.7942085e-01
  -6.3079184e-01
  -5.6483788e-01
  -2.5274636e-01
  -1.6115687e-02
   8.8793510e-02
  -1.8423499e-01
  -6.7477050e-01
  -6.9293374e-01
  -1.0356625e+00
  -1.2955080e+00
  -1.2306906e+00
  -1.0160216e+00
  -9.4529970e-01
  -1.2433993e+00
  -1.6618428e+00
  -1.9939360e+00
  -2.0865055e+00
  -2.1195760e+00
  -1.9395576e+00
  -2.0699610e+00
  -2.2816438e+00
  -2.3713728e+00
  -2.1244043e+00
  -1.7348937e+00
  -1.3996077e+00
  -1.0492460e+00
  -8.3905217e-01
  -8.9901223e-01
  -1.0516894e+00
  -1.2990852e+00
  -1.6739012e+00
  -1.6427730e+00
  -1.4627118e+00
  -1.0123589e+00
  -6.8597090e-01
  -3.6035061e-01
  -2.9709312e-03
   5.3155469e-01
   8.9564809e-01
   1.0143256e+00
   1.2154732e+00
   1.5328104e+00
   2.0234746e+00
   2.2045895e+00
   2.2095699e+00
   2.3635780e+00
   2.4793964e+00
   2.4397797e+00
   2.9843942e+00
   2.9989250e+00
   2.9564331e+00
   3.0021277e+00
   2.8261748e+00
   2.5772052e+00
   2.2723483e+00
   2.3641688e+00
   2.6439621e+00
   2.9714463e+00
   2.9842941e+00
   2.5956913e+00
   2.5796788e+00
   2.2171211e+00
   1.6711418e+00
   1.2561352e+00
   1.4850707e+00
   1.4530475e+00
   1.2566255e+00
   8.6970846e-01
   5.8240775e-01
   5.6155567e-01
   2.2512154e-01
   5.6558652e-01
   6.7711406e-01
   6.8508579e-01
   1.0511198e+00
   1.1788090e+00
   1.2585823e+00
   1.1360034e+00
   6.0024081e-01
   1.0501983e-01
  -1.4048081e-01
  -5.1994543e-01
  -8.5527981e-01
  -9.5187750e-01
  -1.0224503e+00
  -8.9298175e-01
  -7.2851674e-01
  -7.3395094e-01
  -9.5458876e-01
  -1.1678140e+00
  -6.9913443e-01
  -3.7527740e-01
  -2.3291635e-01
  -1.9593428e-01
  -4.8478959e-01
  -2.9349603e-01
  -5.0730622e-02
   3.2920599e-01
   5.8689221e-01
   8.1938222e-01
   7.4004173e-01
   3.9123428e-01
   3.6289065e-01
   5.5012742e-01
   4.8873411e-01
   5.1783313e-01
   6.6185352e-01
   9.2845429e-01
   1.2972447e+00
   1.6168205e+00
   1.7496791e+00
   1.5511259e+00
   1.5543250e+00
   1.6910383e+00
   1.6545575e+00
   1.3038223e+00
   1.3378550e+00
   1.7124430e+00
   1.7416459e+00
   1.7335093e+00
   1.6260336e+00
   1.7623972e+00
   2.0765212e+00
   2.0284248e+00
   2.4101469e+00
   2.4005633e+00
   2.4037209e+00
   2.4623768e+00
   2.8197598e+00
  -3.0989781e+00
  -3.0800619e+00
   2.9651011e+00
   2.5973852e+00
   2.1240760e+00
   2.0495437e+00
   2.1612019e+00
   2.2468034e+00
   2.5757968e+00
   2.4082002e+00
   2.2844283e+00
   2.0605532e+00
   2.4078527e+00
   1.9919862e+00
   2.0008855e+00
   2.3100062e+00
   2.1411615e+00
   2.4749447e+00
   2.9636526e+00
  -2.8869426e+00
  -2.7359573e+00
  -2.8376788e+00
  -2.9200779e+00
   3.0977252e+00
  -3.0814173e+00
  -2.7999767e+00
  -2.4124926e+00
  -1.9712433e+00
  -1.6830972e+00
  -1.5653829e+00
  -1.7926124e+00
  -2.0949598e+00
  -2.4932091e+00
  -2.4482658e+00
  -2.0308698e+00
  -1.6218431e+00
  -1.1803958e+00
  -6.9623826e-01
  -3.4724571e-01
   8.6296943e-02
   1.2113276e-01
   1.3084019e-02
  -4.4350286e-01
  -8.3600275e-01
  -1.0274813e+00
  -8.5804888e-01
  -5.9935300e-01
  -5.0244489e-01
  -4.1983578e-01
  -3.1152003e-01
  -2.3329485e-01
  -2.1247360e-02
  -1.8001692e-01
  -4.0480008e-01
  -8.6691791e-01
  -1.1456058e+00
  -1.3146725e+00
  -1.6794932e+00
  -1.9205808e+00
  -1.9817909e+00
  -2.0682641e+00
  -1.8322297e+00
  -2.0762172e+00
  -1.6674847e+00
  -1.2296687e+00
  -1.1592350e+00
  -1.1875433e+00
  -1.3551896e+00
  -1.2283982e+00
  -9.5847227e-01
  -1.0681108e+00
  -1.1529256e+00
  -1.2414258e+00
  -7.5893747e-01
  -5.7526674e-01
  -7.6878347e-01
  -8.3153371e-01
  -9.5250080e-01
  -1.4014745e+00
  -1.7479575e+00
  -1.8645057e+00
  -1.7612268e+00
  -2.1624920e+00
  -2.5076994e+00
  -3.0252058e+00
   3.0382742e+00
   3.0808111e+00
   3.0467532e+00
   3.0078559e+00
   3.0369564e+00
   3.0883851e+00
   3.0975341e+00
   2.9950434e+00
   2.8199250e+00
   2.5698434e+00
   2.6732151e+00
   2.6833260e+00
   2.7276266e+00
   2.9152520e+00
   3.0477672e+00
  -3.0525626e+00
  -2.9227161e+00
   2.9083006e+00
   2.6120492e+00
   2.2114112e+00
   2.1384739e+00
   1.8750694e+00
   2.1765307e+00
   2.5718874e+00
   2.7558853e+00
   2.6972589e+00
   2.7923537e+00
   2.9961093e+00
   2.8886343e+00
   2.7669253e+00
   2.2649003e+00
   2.1514591e+00
   2.1457897e+00
   2.2162115e+00
   2.2553190e+00
   1.9687338e+00
   2.3179044e+00
   2.1852078e+00
   1.6457667e+00
   1.2997793e+00
   1.0728595e+00
   1.4459953e+00
   1.7488876e+00
   1.9669448e+00
   1.9111435e+00
   1.8948897e+00
   1.8278725e+00
   1.7759843e+00
   1.4832804e+00
   1.5278379e+00
   1.1822270e+00
   8.5381219e-01
   5.5931287e-01
   2.4626227e-01
   9.2044311e-02
   4.9105530e-01
   7.6942373e-01
   1.0486857e+00
   1.1761278e+00
   9.3108512e-01
   5.3955761e-01
   3.9096635e-01
   4.5814896e-01
   1.0043192e+00
   7.5864367e-01
   4.6534044e-01
   2.7397528e-01
   4.0279184e-01
   3.3517636e-01
   7.1892910e-01
   1.0364677e+00
   1.3506946e+00
   1.4078785e+00
   1.6415826e+00
   1.2300473e+00
   9.9500265e-01
   7.6722286e-01
   4.2456778e-01
  -1.5184890e-01
  -3.5835300e-01
  -2.5472241e-01
   1.6267123e-01
   3.5923123e-01
   7.7180330e-01
   8.5330136e-01
   8.1969738e-01
   7.5685717e-01
   5.9837080e-01
   4.8920531e-01
   3.5807220e-01
   3.0428863e-01
   1.1814731e-01
  -3.3051721e-01
  -2.0305760e-01
  -4.0918021e-02
   3.3385530e-01
   1.3231123e-01
  -3.4450806e-02
   2.4294871e-01
   5.2223537e-01
   1.0527182e+00
   1.5836970e+00
   1.9182348e+00
   2.2660601e+00
   2.5739057e+00
   2.4934259e+00
   2.3566294e+00
   2.1367716e+00
   2.0794222e+00
   2.0228065e+00
   2.0288347e+00
   1.8394711e+00
   1.9268080e+00
   2.1961871e+00
   2.7392336e+00
   2.9059249e+00
   3.0942554e+00
  -2.9229606e+00
  -2.6699527e+00
  -2.4445470e+00
  -2.4020200e+00
  -2.2888689e+00
  -2.0713945e+00
  -1.8025301e+00
  -1.8604498e+00
  -2.1336635e+00
  -2.2394203e+00
  -2.2557983e+00
  -1.7812036e+00
  -1.1981804e+00
  -9.1434238e-01
  -5.0348608e-01
  -1.6382332e-01
  -3.5841477e-01
  -5.0119956e-01
  -3.8329809e-01
  -4.4684013e-01
  -8.7756834e-01
  -1.0833171e+00
  -1.5482953e+00
  -1.8810053e+00
  -1.5218690e+00
  -1.6399082e+00
  -1.4116364e+00
  -1.0853299e+00
  -8.1308760e-01
  -6.5527673e-01
  -3.2786375e-01
  -2.0001631e-01
  -2.1300779e-01
  -4.6089207e-01
  -3.4462728e-01
  -7.9176498e-01
  -9.1704604e-01
  -1.1224728e+00
  -1.5249497e+00
  -1.4949787e+00
  -1.1502464e+00
  -1.1976645e+00
  -1.3883677e+00
  -1.7899982e+00
  -2.1120511e+00
  -2.5221721e+00
  -2.4099352e+00
  -1.8870360e+00
  -1.6043454e+00
  -1.7381944e+00
  -1.8687192e+00
  -1.6402111e+00
  -1.3655242e+00
  -2.2103999e+00
  -2.1056856e+00
  -1.9727645e+00
  -1.8034979e+00
  -1.9138050e+00
  -2.3090087e+00
  -2.0889021e+00
  -1.7394206e+00
  -1.2983790e+00
  -8.3613093e-01
  -2.6230231e-01
   2.8300015e-02
   5.9335697e-01
   7.8198451e-01
   7.1600918e-01
   6.1694340e-01
   5.5226807e-01
   4.6017880e-01
   3.3829644e-01
   4.7311184e-01
   5.5888634e-01
   6.4812049e-01
   4.8385536e-01
   3.4408790e-01
   8.6948522e-01
   5.6858597e-01
   7.0950300e-01
   9.6951755e-01
   5.0285800e-01
   5.6600696e-02
  -3.0882831e-01
  -7.3032246e-01
  -1.0120864e+00
  -1.4063632e+00
  -1.7243615e+00
  -2.0773051e+00
  -2.4770478e+00
  -2.7785904e+00
  -2.9904310e+00
  -3.0245401e+00
  -2.8001979e+00
  -3.0191930e+00
  -3.1409967e+00
  -2.8544511e+00
  -2.9231095e+00
  -2.7857026e+00
  -2.6739665e+00
  -2.2771995e+00
  -2.0887834e+00
  -2.0454156e+00
  -1.8057892e+00
  -1.5955881e+00
  -1.3185639e+00
  -8.0963762e-01
  -6.8760887e-01
  -3.4088725e-01
  -1.9237899e-01
  -1.5621269e-01
   2.1333665e-01
   4.7806650e-01
   9.2642822e-01
   1.3150251e+00
   1.7163169e+00
   2.1046565e+00
   2.3794598e+00
   2.4144889e+00
   2.5065906e+00
   2.1327007e+00
   2.0628576e+00
   2.3431307e+00
   2.6234609e+00
   2.8032433e+00
   2.7940288e+00
   2.7286672e+00
   2.7834697e+00
   2.9471441e+00
   2.9577194e+00
  -3.0868469e+00
  -2.7089218e+00
  -2.3725616e+00
  -1.9499130e+00
  -1.5635103e+00
  -1.6394134e+00
  -1.3950902e+00
  -1.3378382e+00
  -1.3715338e+00
  -1.4409808e+00
  -1.1297900e+00
  -1.5649946e+00
  -1.7512766e+00
  -1.8309855e+00
  -1.9036391e+00
  -2.0344192e+00
  -2.2384011e+00
  -2.3722186e+00
  -2.4624361e+00
  -2.2481461e+00
  -1.8217274e+00
  -1.5746959e+00
  -1.3860470e+00
  -1.4231959e+00
  -1.5509087e+00
  -2.0755162e+00
  -2.4819389e+00
  -2.7957073e+00
  -2.9521014e+00
  -2.6898057e+00
  -3.0840188e+00
   3.0104078e+00
   2.9653215e+00
  -3.1408390e+00
  -3.0671041e+00
   3.1177171e+00
  -3.0088689e+00
  -2.9306804e+00
  -2.8407881e+00
  -2.7621341e+00
  -2.8415826e+00
  -2.4549929e+00
  -2.1734549e+00
  -2.4039971e+00
  -2.4523986e+00
  -2.3585337e+00
  -2.5742585e+00
  -2.8384996e+00
  -3.0283385e+00
  -2.5917855e+00
  -2.5400714e+00
  -3.1342297e+00
   2.9812601e+00
   2.9602565e+00
   2.8806698e+00
   2.7919105e+00
   2.7013576e+00
   2.6253869e+00
   2.7500494e+00
   2.7253323e+00
   2.3790114e+00
   2.0789610e+00
   1.7242668e+00
   1.3484585e+00
   1.3211885e+00
   1.5552698e+00
   1.5293779e+00
   1.3461633e+00
   1.3716883e+00
   1.4939773e+00
   1.3225133e+00
   1.2435971e+00
   1.1230264e+00
   1.1566424e+00
   8.0092021e-01
   5.7368266e-01
   6.0959412e-01
   7.0778776e-01
   9.7356103e-01
   6.7989883e-01
   2.3652961e-01
  -5.1127784e-02
  -7.5763076e-02
   7.1481236e-02
  -1.7431395e-02
   1.0167015e-01
   2.0924224e-01
   2.0193279e-01
   6.4353006e-02
   1.0360560e-01
   3.7571083e-01
   6.4471130e-01
   9.9651759e-01
   1.0431361e+00
   1.3068954e+00
   1.4468327e+00
   1.8281565e+00
   2.1573017e+00
   2.5557308e+00
   2.8370306e+00
   3.0365399e+00
  -3.0177262e+00
  -2.7759248e+00
  -2.4689040e+00
  -1.8083176e+00
  -1.7937734e+00
  -1.7735071e+00
  -1.7230329e+00
  -1.6637198e+00
  -1.4891652e+00
  -1.2558081e+00
  -1.2698435e+00
  -1.6315432e+00
  -1.7599645e+00
  -2.0905556e+00
  -2.0155086e+00
  -1.8066920e+00
  -1.6491892e+00
  -1.4337100e+00
  -1.9519217e+00
  -2.2912383e+00
  -2.5180915e+00
  -2.1683070e+00
  -2.4277778e+00
  -2.2993837e+00
  -1.8965817e+00
  -2.4731526e+00
  -2.4486945e+00
  -2.1923946e+00
  -2.1907343e+00
  -2.2372568e+00
  -1.9936194e+00
  -2.3853144e+00
  -2.5770352e+00
  -2.4097725e+00
  -2.1413016e+00
  -1.7950313e+00
  -1.8775573e+00
  -2.0783623e+00
  -2.0098103e+00
  -1.9532281e+00
  -2.0851136e+00
  -2.3239663e+00
  -2.6485046e+00
  -2.4957919e+00
   2.3457855e+00
   2.4366808e+00
   2.7789344e+00
   2.5662580e+00
   2.1816804e+00
   2.3513885e+00
   2.4818992e+00
   2.6652527e+00
   2.7971396e+00
   2.9213960e+00
  -3.1045976e+00
  -2.9096824e+00
  -2.5349695e+00
  -2.3174390e+00
  -2.0611524e+00
  -1.7366422e+00
  -1.3981204e+00
  -1.4377504e+00
  -1.4059984e+00
  -1.3274490e+00
  -1.3213739e+00
  -9.0425033e-01
  -7.6316254e-01
  -5.8884210e-01
  -2.4019013e-01
   2.4916465e-01
   6.0368966e-01
   7.3189816e-01
   1.0817960e+00
   1.4369282e+00
   1.8681092e+00
   2.1348721e+00
   2.4142518e+00
   2.9147452e+00
  -3.0432778e+00
  -2.7189238e+00
  -2.6634164e+00
  -2.3611701e+00
  -1.9924787e+00
  -1.7115313e+00
  -1.4109593e+00
  -1.1388001e+00
  -8.1571284e-01
  -5.5830506e-01
  -1.8881505e-01
   2.7865755e-01
   4.7801223e-01
   6.3047561e-01
   1.0399380e+00
   1.5100272e+00
   1.7398665e+00
   2.3108653e+00
   2.6894605e+00
   2.9296759e+00
  -3.0353703e+00
  -2.8054397e+00
  -2.8391313e+00
  -2.8316187e+00
  -2.7087854e+00
  -2.5017444e+00
  -1.9680103e+00
  -1.7261192e+00
  -1.4960388e+00
  -1.3370212e+00
  -1.1503239e+00
  -8.8053658e-01
  -8.2741056e-01
  -8.3593294e-01
  -2.2034748e-01
   1.0442266e-01
   3.7055000e-01
   7.2369885e-01
   1.0814737e+00
   1.6671056e+00
   2.0254538e+00
   2.2832206e+00
   2.4583172e+00
   2.6755572e+00
   2.8548859e+00
   3.1071175e+00
  -2.9500103e+00
  -2.6014320e+00
  -2.0348207e+00
  -1.5604668e+00
  -1.3902887e+00
  -1.0914660e+00
  -6.1954413e-01
  -1.1507680e-01
  -9.2416841e-04
   2.0657551e-01
   4.3409687e-01
   7.1040960e-01
   1.0873182e+00
   1.3180437e+00
   1.4546003e+00
   1.5716653e+00
   1.5526112e+00
   1.6150232e+00
   2.0958705e+00
   2.1896731e+00
   2.6894432e+00
   3.0105427e+00
  -3.0153536e+00
  -2.7751442e+00
  -2.2992384e+00
  -2.0731359e+00
  -1.8338945e+00
  -1.4759947e+00
  -1.0614524e+00
  -6.4701076e-01
  -1.9575138e-01
  -3.5803719e-03
   3.0122058e-01
   4.7636686e-01
   1.0475888e+00
   1.4019375e+00
   1.5478361e+00
   1.8798383e+00
   2.0451988e+00
   2.4398573e+00
   2.6613465e+00
   3.0782373e+00
  -2.9533621e+00
  -2.5045877e+00
  -1.9517774e+00
  -1.7086130e+00
  -1.3180096e+00
  -1.1854320e+00
  -8.1583033e-01
  -5.0897326e-01
  -2.3223053e-01
   5.8505237e-02
   6.0852737e-01
   7.4695104e-01
   1.0782555e+00
   1.4753513e+00
   1.9012716e+00
   2.1154312e+00
   1.9330721e-01
   3.9914429e-01
   9.6206242e-01
   1.3277232e+00
   1.8658216e+00
   2.1069472e+00
   2.2810255e+00
   2.7817443e+00
  -3.1110938e+00
  -2.7729818e+00
  -2.5072244e+00
  -2.0605909e+00
  -2.3082611e+00
  -1.8798545e+00
  -1.6249411e+00
  -1.1044909e+00
  -6.1417129e-01
  -1.3985468e-01
   4.1153628e-01
   5.1996643e-01
   5.1871722e-01
   9.2195635e-01
   1.4392870e+00
   1.6227624e+00
   1.7069317e+00
   1.9234131e+00
   2.4600541e+00
   2.7059155e+00
   2.7376619e+00
   2.9561074e+00
  -3.0186326e+00
  -2.7508777e+00
  -2.6878301e+00
  -2.5024503e+00
  -2.1622900e+00
  -1.8633636e+00
  -1.5536170e+00
  -1.1051633e+00
  -8.8352041e-01
  -7.0184939e-01
  -2.5779960e-01
  -1.7420983e-01
  -2.1864059e-01
  -2.3985063e-01
  -3.2074575e-01
  -2.3693941e-01
   2.0107098e-01
   5.4936915e-01
   1.1037932e+00
   1.6509005e+00
   1.6619126e+00
   2.1570377e+00
   2.3835984e+00
   2.6187173e+00
   2.7565966e+00
   3.0796088e+00
  -2.8821053e+00
  -2.5210147e+00
  -2.0935127e+00
  -1.7248738e+00
  -1.7267557e+00
  -1.7276358e+00
  -1.1672475e+00
  -9.1881256e-01
  -4.5285537e-01
  -4.4348737e-01
  -4.3313659e-01
  -4.2691030e-01
  -2.5944841e-01
  -1.5807449e-01
  -1.0099512e-01
   2.4454216e-01
   3.9590837e-01
   3.8959112e-01
   9.0428558e-01
   1.3580506e+00
   1.6777865e+00
   1.6856109e+00
   1.7148453e+00
   1.8013753e+00
   1.9295921e+00
   2.1096507e+00
   2.2969971e+00
   2.7109562e+00
   3.0642618e+00
  -2.8026159e+00
  -2.5536421e+00
  -2.4101772e+00
  -1.9950814e+00
  -1.8877468e+00
  -1.9078122e+00
  -1.6502605e+00
  -1.2554715e+00
  -1.0655405e+00
  -9.8639387e-01
  -7.5406172e-01
  -3.8699619e-01
  -1.9461945e-01
   1.6527272e-01
   4.8372618e-01
   5.1919998e-01
   6.7930143e-01
   9.3049570e-01
   1.1501990e+00
   1.3947275e+00
   1.3996285e+00
   1.6958671e+00
   1.9226242e+00
   2.2825894e+00
   2.8509914e+00
   3.0222760e+00
   3.0933211e+00
  -2.9707701e+00
  -2.7829834e+00
  -2.5461905e+00
  -2.1850016e+00
  -1.7383064e+00
  -1.3330549e+00
  -9.0211562e-01
  -6.5984586e-01
  -1.0230206e-01
   2.8169135e-01
  -7.5668696e-02
  -1.0795262e+00
  -1.2638927e+00
  -1.1006374e+00
  -1.0562596e+00
  -1.0625853e+00
  -1.0650328e+00
  -1.2058871e+00
  -9.2348002e-01
  -5.9115131e-01
  -2.3011436e-01
   1.9392849e-01
   4.7509264e-01
   6.1530027e-01
   9.4184401e-01
   1.2790688e+00
   1.2880549e+00
   1.4583942e+00
   1.9846545e+00
   2.1408878e+00
   2.1294563e+00
   2.1348171e+00
   2.4698828e+00
   3.0451744e+00
  -3.1032226e+00
  -2.6918447e+00
  -2.4208846e+00
  -1.9245400e+00
  -1.5715210e+00
  -1.3661718e+00
  -1.0280302e+00
  -1.1159507e+00
  -1.3194350e+00
  -1.2363646e+00
  -9.1648891e-01
  -6.8191724e-01
  -4.2340860e-01
  -1.6013385e-01
   1.4598898e-01
   5.3785534e-01
   8.6101033e-01
   1.1732160e+00
   1.2854167e+00
   1.3987280e+00
   1.5954321e+00
   1.6162512e+00
   1.6242138e+00
   1.5973232e+00
   1.6976815e+00
   1.7350101e+00
   1.7078696e+00
   1.8850153e+00
   2.4133498e+00
   2.7012841e+00
   2.9328920e+00
   3.0880556e+00
  -2.9625238e+00
  -2.7646950e+00
  -2.5403496e+00
  -1.9345304e+00
  -1.6481835e+00
  -1.5079667e+00
  -1.1261982e+00
  -8.0744913e-01
  -4.9346870e-01
  -2.0161250e-02
   2.5913697e-01
   5.6468507e-01
   6.7295642e-01
   7.0646345e-01
   1.2566908e+00
   1.7922500e+00
   2.2125706e+00
   2.3315635e+00
   2.6261272e+00
   2.9646292e+00
  -3.1235544e+00
  -3.0715198e+00
  -2.4668575e+00
  -2.4717521e+00
  -2.3901351e+00
  -2.0141266e+00
  -1.7594507e+00
  -1.4457561e+00
  -8.8378298e-01
  -3.4575286e-01
   1.8011704e-01
   5.2052991e-01
   1.0043285e+00
   1.5597940e+00
   1.8962016e+00
   2.2423567e+00
   2.6374349e+00
   2.7149993e+00
   2.2938610e+00
   2.3791485e+00
   2.8290647e+00
   2.7361703e+00
   3.1176395e+00
  -2.8600462e+00
  -2.5673215e+00
  -2.4537851e+00
  -1.8767739e+00
  -1.3182149e+00
  -1.0419223e+00
  -1.0764134e+00
  -1.2035975e+00
  -1.1779038e+00
  -1.0464597e+00
  -9.7297650e-01
  -8.6823737e-01
  -5.8672454e-01
  -2.1973423e-01
   2.3892207e-01
   5.7715122e-01
   1.0463512e+00
   1.5344154e+00
   1.6364103e+00
   1.8198093e+00
   2.1381472e+00
   2.5346994e+00
   2.6696798e+00
   2.7253023e+00
   2.8236256e+00
  -2.8884582e+00
  -2.8843837e+00
  -2.6446195e+00
  -2.5012901e+00
  -2.2967889e+00
  -2.0460824e+00
  -1.6822942e+00
  -1.3648248e+00
  -1.0053296e+00
  -7.4788761e-01
  -6.1839250e-01
  -6.1698262e-01
  -4.3110405e-01
  -2.9291651e-01
  -2.5250401e-02
   4.7873665e-01
   8.7661946e-01
   1.3327809e+00
   1.5048865e+00
   1.5151999e+00
   2.0639439e+00
   2.3854621e+00
   2.8211561e+00
   2.9978212e+00
   3.0007502e+00
   3.1012831e+00
  -2.9841154e+00
  -2.4150855e+00
  -1.8679733e+00
  -1.4252915e+00
  -1.1418813e+00
  -8.4731864e-01
  -2.9966596e-01
  -1.2129270e-01
  -4.9120406e-02
   5.0554928e-02
   3.7868257e-01
   7.7666818e-01
   1.1421517e+00
   1.5255402e+00
   2.0312880e+00
   1.9829238e+00
   2.1380273e+00
   2.4672922e+00
   2.8064683e+00
  -3.0944562e+00
  -2.8422327e+00
  -2.5928296e+00
  -2.6245892e+00
  -2.5884183e+00
  -2.5062804e+00
  -2.1650073e+00
  -1.8612969e+00
  -1.8405048e+00
  -1.7158114e+00
  -1.4836485e+00
  -1.0957713e+00
  -7.4682896e-01
  -8.0606544e-01
  -1.0480133e+00
  -1.1581168e+00
  -1.1141746e+00
  -7.8445097e-01
  -4.4429204e-01
   2.6581406e-02
   2.9372170e-01
   7.1251981e-01
   8.9961824e-01
   1.1055481e+00
   1.3847020e+00
   1.5888974e+00
   1.8523309e+00
   2.0057090e+00
   2.4535680e+00
   2.8734675e+00
   3.0945640e+00
  -3.0928393e+00
  -2.9211972e+00
  -2.8160974e+00
   3.1094790e+00
   3.0194762e+00
   3.1292158e+00
  -2.9504335e+00
  -2.5808077e+00
  -2.0560449e+00
  -1.9077198e+00
  -1.8391463e+00
  -1.8609807e+00
  -1.6438940e+00
  -1.6088358e+00
  -1.5659406e+00
  -1.5684348e+00
  -1.1097447e+00
  -7.9330009e-01
  -4.3149643e-01
  -6.6486556e-02
   4.1596879e-01
   7.4804620e-01
   8.4154018e-01
   8.5007137e-01
   7.6635075e-01
   1.2941434e+00
   1.8195128e+00
   1.9968608e+00
   2.4974274e+00
   2.6983791e+00
  -3.1284596e+00
   2.9633685e+00
  -3.1075801e+00
  -2.7397356e+00
  -2.4631596e+00
  -2.3953793e+00
  -2.3850341e+00
  -2.2197182e+00
  -1.8145927e+00
  -1.9422230e+00
  -1.5143998e+00
  -1.7271005e+00
  -1.5365014e+00
  -1.1007620e+00
  -6.3501848e-01
  -1.5818910e-01
   1.7795415e-01
   1.9141319e-01
   1.2499658e-01
  -3.6248563e-03
  -1.3752842e-02
   3.4473469e-01
   3.5760149e-01
   6.7585196e-01
   9.5095180e-01
   1.4774442e+00
   1.7917322e+00
   2.2013002e+00
   1.9122320e+00
   2.2701552e+00
   2.3802492e+00
   2.7243252e+00
   2.6984779e+00
   2.6622566e+00
   2.8022841e+00
   2.9335609e+00
  -3.1176165e+00
  -2.7677024e+00
  -2.3891277e+00
  -2.1088590e+00
  -1.6847516e+00
  -1.4110702e+00
  -1.2046017e+00
  -8.9868657e-01
  -8.0304041e-01
  -5.7841744e-01
  -2.4240664e-01
  -2.2875286e-01
  -2.1300575e-01
   9.0996803e-02
   4.8552746e-01
   6.1575554e-01
   5.7296200e-01
   8.7015004e-01
   1.2815560e+00
   1.3447650e+00
   1.2385033e+00
   1.1429906e+00
   1.2026528e+00
   1.1808767e+00
   1.2764366e+00
   1.4428596e+00
   1.4305426e+00
   1.3914933e+00
   1.4623340e+00
   1.6612310e+00
   1.7684563e+00
   2.2153711e+00
   2.4173316e+00
   2.2898740e+00
   2.2615539e+00
   2.3667910e+00
   2.9581945e+00
   2.9974205e+00
  -3.0578175e+00
  -2.9466879e+00
  -2.8006684e+00
  -2.3987144e+00
  -2.0538486e+00
  -1.9774187e+00
  -2.0198803e+00
  -2.0757718e+00
  -1.9822072e+00
  -2.1463470e+00
  -2.2674701e+00
  -2.4472520e+00
  -2.6051889e+00
  -2.2302012e+00
  -1.7293798e+00
  -1.4792170e+00
  -1.2407849e+00
  -1.0130275e+00
  -9.9158887e-01
  -9.8007550e-01
  -9.4915010e-01
  -8.7970840e-01
  -7.3642507e-01
  -3.5556243e-01
   9.4221126e-02
   3.5558253e-01
   8.6033564e-01
   1.4416695e+00
   1.7608182e+00
   1.8563186e+00
   2.3590273e+00
   2.3739973e+00
   2.3770816e+00
   2.3965873e+00
   2.4650636e+00
   2.1329705e+00
   1.9417827e+00
   2.0519778e+00
   2.1602941e+00
   2.3167149e+00
   2.8307483e+00
   2.9913768e+00
   3.0674971e+00
  -3.0411464e+00
  -2.8637122e+00
  -2.6156859e+00
  -2.3747778e+00
  -1.8841280e+00
  -1.6103249e+00
  -1.4751303e+00
  -1.3679824e+00
  -9.9684211e-01
  -4.6024278e-01
  -3.5395232e-01
  -3.6202059e-01
  -3.9850168e-01
  -5.1860605e-01
  -5.6619501e-01
  -7.2851548e-01
  -2.3883253e-01
  -1.5473741e-01
  -7.7494696e-02
   2.2569862e-01
   4.0930602e-01
   7.2834722e-01
   1.2274039e+00
   1.5767395e+00
   1.4015308e+00
   1.7878308e+00
   2.1077046e+00
   2.5487403e+00
   2.8436078e+00
   3.0867810e+00
  -3.0982080e+00
  -3.0148342e+00
  -2.9817335e+00
  -3.0337107e+00
  -3.0008484e+00
  -3.1097218e+00
   2.9891800e+00
   2.8212911e+00
  -3.0609456e+00
  -2.5348035e+00
  -2.1971498e+00
  -1.9206279e+00
  -1.7212480e+00
  -1.7724738e+00
  -1.4301027e+00
  -1.1142268e+00
  -8.4822310e-01
  -2.9021599e-01
  -1.7740696e-01
  -2.1060812e-01
   2.4643387e-01
   7.4428452e-01
   1.0765243e+00
   1.3463114e+00
   1.7937188e+00
   2.3017174e+00
   2.6688158e+00
   3.0151199e+00
  -2.8521381e+00
  -2.7475520e+00
  -2.6744222e+00
  -2.5496668e+00
  -2.2518419e+00
  -2.1422807e+00
  -1.6133212e+00
  -1.2425190e+00
  -1.2982773e+00
  -7.6987216e-01
  -6.5244885e-01
  -8.8267419e-02
   2.5277069e-01
   4.2932787e-01
   8.2486863e-01
   1.1283975e+00
   1.4247665e+00
   1.6988135e+00
   2.1850799e+00
   2.4133863e+00
   2.5851072e+00
   2.9385114e+00
  -2.9642913e+00
  -2.6803730e+00
  -2.7097866e+00
  -2.3474847e+00
  -2.0714118e+00
  -1.7525726e+00
  -1.4386631e+00
  -1.2627139e+00
  -1.2416120e+00
  -1.0715173e+00
  -6.0731864e-01
  -2.9550496e-01
  -6.3441467e-02
   1.8230502e-01
   3.0124937e-01
   3.1311228e-01
   2.9038190e-01
   6.5113416e-01
   1.0342315e+00
   1.4189416e+00
   1.7022140e+00
   2.0697519e+00
   2.2949901e+00
   2.6423964e+00
   2.9640024e+00
  -3.0721258e+00
  -2.7956893e+00
  -2.7716373e+00
  -3.0302796e+00
  -2.8871867e+00
  -2.3544174e+00
  -2.1191319e+00
  -1.8479914e+00
  -1.3661050e+00
  -1.1673801e+00
  -7.1889988e-01
  -4.6350994e-01
   1.7651388e-02
   1.7673178e-01
   3.4327996e-01
   5.5443031e-01
   8.4236755e-01
   1.2107779e+00
   1.5556069e+00
   1.7980508e+00
   2.0335311e+00
   2.2440180e+00
   2.4343332e+00
   2.4864893e+00
   2.6153299e+00
   2.9459015e+00
   3.0324473e+00
  -2.9337384e+00
  -2.8758007e+00
  -2.8150544e+00
  -2.7508803e+00
  -2.7713675e+00
  -2.8977613e+00
  -3.0284496e+00
  -2.7074738e+00
  -2.2398844e+00
  -1.9542817e+00
  -1.6384570e+00
  -1.1412657e+00
  -7.1661915e-01
  -2.1163953e-01
   3.9753243e-01
   5.6067153e-01
   1.0544253e+00
   1.6492393e+00
   1.9251107e+00
   1.8293350e+00
   2.2851702e+00
   2.5062539e+00
   2.6502511e+00
   2.8373481e+00
  -3.1008923e+00
  -2.7408872e+00
  -2.5958498e+00
  -2.2625527e+00
  -1.9912717e+00
  -1.6899858e+00
  -1.3277607e+00
  -7.4240226e-01
  -2.1022291e-01
   2.0121582e-01
   5.0710370e-01
   5.0044579e-01
   3.6729204e-01
   2.7894832e-01
   2.3103887e-01
  -3.2871546e-01
  -5.5268320e-01
  -6.4426959e-01
  -7.0002092e-01
  -7.2206215e-01
  -4.2006308e-01
   4.8995472e-02
   5.6917208e-02
   1.0319151e-01
   1.5704631e-01
   2.1987282e-01
   3.8696094e-01
   2.6470547e-01
   7.4317038e-01
   9.4099383e-01
   9.8605332e-01
   1.1379787e+00
   1.3645083e+00
   1.5958687e+00
   2.1815530e+00
   2.4505848e+00
   2.7142329e+00
   2.7981926e+00
   2.7994360e+00
   2.8690214e+00
   2.9669459e+00
  -3.0728346e+00
  -2.9072139e+00
  -2.7313458e+00
  -2.2855589e+00
  -1.9478985e+00
  -1.4430915e+00
  -1.3344395e+00
  -1.0009443e+00
  -4.2006840e-01
  -1.5025896e-01
  -2.0636643e-01
   2.5685320e-01
   6.2798424e-01
   6.9307078e-01
   7.6961876e-01
   8.8362892e-01
   1.2838635e+00
   1.5409175e+00
   1.5968269e+00
   1.9210614e+00
   2.2467540e+00
   2.6368816e+00
   3.0768236e+00
  -3.0741925e+00
  -2.8054796e+00
  -2.4453903e+00
  -2.3741851e+00
  -2.3210397e+00
  -1.9220242e+00
  -1.7344927e+00
  -1.3868095e+00
  -1.0589159e+00
  -8.0512447e-01
  -4.0214630e-01
  -9.6332578e-02
   3.1733222e-01
   5.6717243e-01
   1.0965392e+00
   1.2711466e+00
   1.4849294e+00
   1.6212977e+00
   1.7403003e+00
   2.1626593e+00
   2.4916460e+00
   2.6265581e+00
   2.6770289e+00
   2.7163209e+00
   3.0964828e+00
  -2.9115640e+00
  -2.7265731e+00
  -2.2001845e+00
  -1.7098798e+00
  -1.4471243e+00
  -1.1161652e+00
  -8.4411528e-01
  -6.9123087e-01
  -3.9472405e-01
  -2.2261721e-01
   6.0125625e-02
   4.7812073e-01
   7.4532489e-01
   9.9610836e-01
   1.4119956e+00
   1.8455554e+00
   2.1232396e+00
   2.4122224e+00
   2.9133790e+00
  -3.0977519e+00
  -2.6823385e+00
  -2.4262095e+00
  -2.1565564e+00
  -2.0279679e+00
  -1.6467209e+00
  -1.3240348e+00
  -1.0068571e+00
  -8.1894585e-01
  -7.8746489e-01
  -7.4831330e-01
  -3.9207605e-01
   8.3687008e-02
   1.0784597e-01
   1.2187911e-01
   1.7500248e-01
   2.1399478e-01
   2.8531305e-01
   1.8332756e-01
   5.2035010e-01
   7.8093855e-01
   1.1127463e+00
   1.2830701e+00
   9.0332689e-01
   9.8338856e-01
   1.3123519e+00
   1.3927710e+00
   1.1188464e+00
   1.0264878e+00
   1.3020259e+00
   1.6152950e+00
   2.1572970e+00
   2.5097415e+00
   2.9127122e+00
  -3.0959846e+00
  -2.6776243e+00
  -2.6543926e+00
  -2.3260890e+00
  -2.0969696e+00
  -1.8002340e+00
  -1.4141145e+00
  -1.3474660e+00
  -1.4632705e+00
  -1.5065168e+00
  -1.4993659e+00
  -1.5900489e+00
  -1.4293100e+00
  -1.2264374e+00
  -1.0799987e+00
  -6.9138852e-01
  -4.2311611e-01
  -9.3180398e-02
  -3.4034828e-02
   4.0009892e-02
   6.0801966e-01
   7.4356063e-01
   1.0677374e+00
   1.5192095e+00
   1.8245036e+00
   2.1242091e+00
   2.5690928e+00
   2.7505246e+00
   2.9678408e+00
   2.8907092e+00
   2.7638761e+00
   2.9163594e+00
   3.1077385e+00
   2.9787854e+00
   3.0021511e+00
  -2.8751822e+00
  -2.5026786e+00
  -2.0115906e+00
  -1.8235995e+00
  -1.5435773e+00
  -1.2858042e+00
  -9.9954596e-01
  -6.1638652e-01
  -2.2323489e-01
   2.2111081e-01
   5.5053760e-01
   1.1164310e+00
   1.4495933e+00
   1.7656407e+00
   2.0561627e+00
   2.3618299e+00
   2.8630778e+00
   3.0459882e+00
   3.0707818e+00
   2.8384557e+00
   3.0904551e+00
  -2.8980520e+00
  -2.5170602e+00
  -2.1426494e+00
  -1.8866656e+00
  -1.9293224e+00
  -2.0275166e+00
  -2.0706375e+00
  -2.0891153e+00
  -2.0959163e+00
  -2.1575701e+00
  -2.2095539e+00
  -2.2281667e+00
  -2.0885868e+00
  -1.5702175e+00
  -1.2573026e+00
  -7.9428611e-01
  -3.5125174e-01
  -3.3675454e-02
   4.6864318e-01
   6.2097271e-01
   5.5299447e-01
   9.6168700e-01
   7.5150365e-01
   6.7047286e-01
   7.7705403e-01
   1.0998547e+00
   1.0071336e+00
   1.0426112e+00
   1.3766294e+00
   1.6366300e+00
   1.9191173e+00
   2.2075593e+00
   2.6462491e+00
   2.8581059e+00
  -3.0913056e+00
  -2.8301210e+00
  -2.5232404e+00
  -2.1171631e+00
  -1.7052425e+00
  -1.2275636e+00
  -1.0195550e+00
  -5.7433511e-01
  -4.0167340e-01
  -2.8040902e-01
  -1.8573603e-01
   2.0900166e-01
   5.6302281e-01
   4.2003265e-01
   4.3448692e-01
   6.3432262e-01
   1.1885311e+00
   1.3298604e+00
   1.7994301e+00
   2.0918078e+00
   2.4718818e+00
   2.7073040e+00
   2.9786565e+00
  -3.0840118e+00
  -2.9597877e+00
  -2.6470491e+00
  -2.2392386e+00
  -1.9844650e+00
  -1.7464459e+00
  -1.4285701e+00
  -1.1141695e+00
  -7.8887295e-01
  -4.5495962e-01
  -3.0288564e-02
  -8.3215128e-02
   1.7841835e-01
   4.4837832e-01
   9.4231582e-01
   1.2438466e+00
   1.5401254e+00
   1.7806028e+00
   1.9724883e+00
   2.1245519e+00
   2.4358972e+00
   2.8491502e+00
   2.9288575e+00
   2.9068681e+00
   2.7749290e+00
   2.4809702e+00
   2.6290578e+00
   2.7875864e+00
   2.9718943e+00
   3.0867435e+00
  -3.1321645e+00
  -2.8625801e+00
  -2.4958781e+00
  -2.0678285e+00
  -1.5549350e+00
  -1.1740501e+00
  -9.4575756e-01
  -7.1386247e-01
  -2.9000434e-01
  -1.0634909e-01
  -7.6782799e-03
   1.6196502e-01
   4.4039888e-01
   7.3285804e-01
   1.2602274e+00
   1.5593082e+00
   1.9805746e+00
   2.1391455e+00
   2.1609654e+00
   2.3000027e+00
   2.3962606e+00
   2.3738623e+00
   2.2740126e+00
   2.4736167e+00
   2.8880566e+00
  -2.9141040e+00
  -2.6203218e+00
  -2.2445806e+00
  -1.9206430e+00
  -1.6003337e+00
  -1.1806483e+00
  -8.6699406e-01
  -8.6860073e-01
  -6.4830622e-01
  -6.1588113e-01
  -6.9168728e-01
  -7.6179645e-01
  -5.8552629e-01
  -5.1025733e-02
   3.5706901e-01
   5.6914399e-01
   2.9313826e-01
   4.8806581e-01
   9.9473643e-01
   1.3806667e+00
   1.9548636e+00
   2.0339821e+00
   1.8801003e+00
   1.7411100e+00
   1.5558691e+00
   1.6473559e+00
   1.6784241e+00
   1.8812288e+00
   2.4588339e+00
   2.7791187e+00
   2.5060485e+00
   2.2583045e+00
   2.0539365e+00
   2.4227169e+00
   2.7721394e+00
   3.0486942e+00
  -2.9076088e+00
  -2.6749669e+00
  -2.3604990e+00
  -1.9953214e+00
  -1.6127439e+00
  -1.4458457e+00
  -1.2994046e+00
  -9.2555504e-01
  -6.8448216e-01
  -4.6455054e-01
   9.3837651e-02
   3.2776046e-01
   6.7881373e-01
   1.2298008e+00
   1.7517772e+00
   2.2949163e+00
   2.4817593e+00
   2.5758208e+00
   2.5478239e+00
   2.9776634e+00
   3.1290930e+00
  -3.0627056e+00
  -2.6548838e+00
  -2.2453766e+00
  -1.9515046e+00
  -1.7606338e+00
  -1.3057810e+00
   6.3022058e-01
   9.5032072e-01
   1.4183237e+00
   1.7619536e+00
   2.1830692e+00
   2.4723157e+00
   2.9189844e+00
   2.9244277e+00
   2.8561255e+00
   3.1313749e+00
   3.0645288e+00
   3.0399950e+00
   3.0110566e+00
   2.9640327e+00
   3.1392596e+00
  -2.9866347e+00
  -2.6859623e+00
  -2.4010002e+00
  -2.0543375e+00
  -1.6129523e+00
  -1.1521796e+00
  -7.6356730e-01
  -4.2436872e-01
  -1.4012248e-01
   6.1237418e-02
   1.2660639e-01
   4.5728637e-01
   8.3955099e-01
   1.1376972e+00
   9.8349160e-01
   9.3591922e-01
   6.3623013e-01
   6.1051384e-01
   6.8482334e-01
   7.4217877e-01
   7.8659844e-01
   1.1369747e+00
   1.1010330e+00
   1.2327059e+00
   1.4139899e+00
   1.7654944e+00
   2.0340028e+00
   2.4033695e+00
   2.8686415e+00
  -2.8998551e+00
  -2.7790990e+00
  -3.0470495e+00
  -2.7556310e+00
  -2.5037307e+00
  -2.2472351e+00
  -1.9061747e+00
  -1.5342233e+00
  -1.6812794e+00
  -1.3327469e+00
  -1.0125896e+00
  -7.7110731e-01
  -7.4033924e-01
  -8.1910752e-01
  -8.3812106e-01
  -8.1080416e-01
  -8.3317042e-01
  -8.8649436e-01
  -1.0240039e+00
  -9.6743832e-01
  -9.0869443e-01
  -4.6152979e-01
  -2.1034382e-01
   2.1908018e-01
   7.7893987e-01
   9.7613123e-01
   1.1881042e+00
   1.7730646e+00
   1.9915127e+00
   2.3548372e+00
   2.6328493e+00
   2.8477814e+00
   3.0298664e+00
  -3.0398527e+00
  -2.7020710e+00
  -2.4416925e+00
  -2.5303800e+00
  -2.2674412e+00
  -1.9575682e+00
  -1.6748586e+00
  -1.2363064e+00
  -9.4551257e-01
  -5.9103741e-01
  -2.5062532e-01
   3.6796163e-02
   4.0589914e-01
   4.1210157e-01
   2.2384847e-01
   7.5138678e-01
   1.2583004e+00
   1.6102784e+00
   2.2217145e+00
   2.3670885e+00
   2.4238343e+00
   2.3679281e+00
   2.2062266e+00
   2.1232079e+00
   2.1432173e+00
   2.3229164e+00
   2.5413959e+00
   2.5766693e+00
   3.0453247e+00
  -2.7818626e+00
  -2.5104721e+00
  -2.7435511e+00
  -2.5112790e+00
  -2.2319030e+00
  -1.8609582e+00
  -1.3495975e+00
  -1.1924350e+00
  -9.2996565e-01
  -5.2318366e-01
  -2.5768870e-01
   1.1083996e-01
   3.7146374e-01
   5.2518403e-01
   9.6907521e-01
   1.3952856e+00
   1.8660315e+00
   2.1711329e+00
   2.2521918e+00
   2.8017556e+00
   3.1363127e+00
  -2.9295113e+00
  -2.8381882e+00
  -2.8264485e+00
  -2.8311922e+00
  -2.7996542e+00
  -2.6172456e+00
  -2.2916445e+00
  -1.7435176e+00
  -1.1972521e+00
  -1.0402846e+00
  -8.3131618e-01
  -8.0676897e-01
  -8.4261875e-01
  -8.6290980e-01
  -7.4762548e-01
  -6.0101852e-01
  -3.5137186e-01
   1.2790531e-02
   3.2519595e-01
   6.4828247e-01
   8.7350601e-01
   9.9464375e-01
   1.0768502e+00
   1.5431878e+00
   1.8457387e+00
   2.1646785e+00
   2.5394501e+00
   2.8132701e+00
  -3.1236731e+00
  -2.8467475e+00
  -2.8305876e+00
  -2.6333945e+00
  -2.3685714e+00
  -2.1602463e+00
  -2.0304072e+00
  -1.5486032e+00
  -1.2367554e+00
  -9.5592143e-01
  -5.9180391e-01
  -2.7356046e-01
   1.8360387e-05
   3.5946762e-01
   3.5963283e-01
   7.2693174e-01
   4.1703956e-01
   5.6825555e-01
   6.5534578e-01
   6.5263641e-01
   5.6442392e-01
   1.6185407e-01
   5.1529783e-02
   9.0123597e-02
   6.4124040e-02
   2.9799815e-01
  -1.7186091e+00
  -1.4306866e+00
  -1.0319038e+00
  -7.4185889e-01
  -4.8399463e-01
  -1.5832138e-01
   1.9068149e-01
   7.5064788e-01
   1.1059890e+00
   1.6310429e+00
   1.6593676e+00
   1.8542216e+00
   2.3440187e+00
   2.9400838e+00
   3.1185330e+00
  -3.0567435e+00
  -3.1043742e+00
  -2.7437129e+00
  -2.8154211e+00
  -2.5697118e+00
  -2.3561378e+00
  -2.1003835e+00
   8.1505794e-01
   1.0804251e+00
   1.2857435e+00
   1.6113356e+00
   2.1116342e+00
   2.5800012e+00
   2.8245683e+00
  -2.9338428e+00
  -2.4011935e+00
  -2.2277434e+00
  -2.1790688e+00
  -1.5758085e+00
  -1.4937154e+00
  -1.1260436e+00
  -5.9561238e-01
  -3.3441125e-01
  -1.6916454e-01
   2.9992468e-01
   4.4940990e-01
   2.1363114e+00
   2.1856892e+00
   1.6731529e+00
   1.1800134e+00
   1.2267097e+00
   1.5374949e+00
   2.0122458e+00
