   1.0000000e+00
   5.0000000e+01
   1.5000000e+00
   1.4188661e+00
   1.1957067e+00
   8.8415850e-01
   5.5264922e-01
   2.6127124e-01
   4.2778428e-02
  -1.0527957e-01
  -2.1456834e-01
  -3.2872492e-01
  -4.8176275e-01
  -6.8067691e-01
  -8.9916282e-01
  -1.0850666e+00
  -1.1788761e+00
  -1.1362712e+00
  -9.4612306e-01
  -6.3699024e-01
  -2.6948306e-01
   8.2802611e-02
   3.5676275e-01
   5.1900437e-01
   5.7377875e-01
   5.5690664e-01
   5.1830024e-01
   5.0000000e-01
   5.1830024e-01
   5.5690664e-01
   5.7377875e-01
   5.1900437e-01
   3.5676275e-01
   8.2802611e-02
  -2.6948306e-01
  -6.3699024e-01
  -9.4612306e-01
  -1.1362712e+00
  -1.1788761e+00
  -1.0850666e+00
  -8.9916282e-01
  -6.8067691e-01
  -4.8176275e-01
  -3.2872492e-01
  -2.1456834e-01
  -1.0527957e-01
   4.2778428e-02
   2.6127124e-01
   5.5264922e-01
   8.8415850e-01
   1.1957067e+00
   1.4188661e+00
   0.0000000e+00
   3.6430289e-01
   6.5734533e-01
   8.3028010e-01
   8.7083582e-01
   8.0411020e-01
   6.7994364e-01
   5.5189481e-01
   4.5598094e-01
   3.9736017e-01
   3.5002112e-01
   2.6949905e-01
   1.1359068e-01
  -1.3707579e-01
  -4.6675005e-01
  -8.2554938e-01
  -1.1436663e+00
  -1.3536732e+00
  -1.4126797e+00
  -1.3161098e+00
  -1.0980028e+00
  -8.1782003e-01
  -5.3881412e-01
  -3.0616202e-01
  -1.3307688e-01
  -5.6655389e-16
   1.3307688e-01
   3.0616202e-01
   5.3881412e-01
   8.1782003e-01
   1.0980028e+00
   1.3161098e+00
   1.4126797e+00
   1.3536732e+00
   1.1436663e+00
   8.2554938e-01
   4.6675005e-01
   1.3707579e-01
  -1.1359068e-01
  -2.6949905e-01
  -3.5002112e-01
  -3.9736017e-01
  -4.5598094e-01
  -5.5189481e-01
  -6.7994364e-01
  -8.0411020e-01
  -8.7083582e-01
  -8.3028010e-01
  -6.5734533e-01
  -3.6430289e-01
  -0.0000000e+00
  -1.8406228e-01
  -3.4227355e-01
  -4.5241353e-01
  -4.9901336e-01
  -4.7552826e-01
  -3.8525662e-01
  -2.4087684e-01
  -6.2666617e-02
   1.2434494e-01
   2.9389263e-01
   4.2216396e-01
   4.9114363e-01
   4.9114363e-01
   4.2216396e-01
   2.9389263e-01
   1.2434494e-01
  -6.2666617e-02
  -2.4087684e-01
  -3.8525662e-01
  -4.7552826e-01
  -4.9901336e-01
  -4.5241353e-01
  -3.4227355e-01
  -1.8406228e-01
  -1.0718754e-15
   1.8406228e-01
   3.4227355e-01
   4.5241353e-01
   4.9901336e-01
   4.7552826e-01
   3.8525662e-01
   2.4087684e-01
   6.2666617e-02
  -1.2434494e-01
  -2.9389263e-01
  -4.2216396e-01
  -4.9114363e-01
  -4.9114363e-01
  -4.2216396e-01
  -2.9389263e-01
  -1.2434494e-01
   6.2666617e-02
   2.4087684e-01
   3.8525662e-01
   4.7552826e-01
   4.9901336e-01
   4.5241353e-01
   3.4227355e-01
   1.8406228e-01
